 #E =    2.4130820496382328     
 -0.10524662095087829     
   6.4075785618881484E-002
  -4.9373507142512194E-002
  -3.3424391995736567E-002
  0.13002930748749611     
 -0.10777031597990437     
  0.13002930748745167     
  -3.3424391995678017E-002
  -4.9373507142610178E-002
   6.4075785618948264E-002
 -0.10524662095094153     
 -0.14085767273856215     
  0.18989294618276159     
 -0.21212296609710088     
   8.8490930190135611E-002
   4.7960598042007106E-002
 -0.17257667984932626     
  0.23845178280107066     
 -0.17257667984927755     
   4.7960598041933103E-002
   8.8490930190247064E-002
 -0.21212296609719991     
  0.18989294618284763     
 -0.14085767273860775     
  0.15000817545647938     
 -0.22112436275444983     
  0.23348624543203603     
 -0.13017413883792137     
  -3.1647108565891383E-002
  0.15858061039921967     
 -0.23025035708289471     
  0.15858061039923552     
  -3.1647108565872495E-002
 -0.13017413883790924     
  0.23348624543207816     
 -0.22112436275446554     
  0.15000817545650455     
  0.15009680961194088     
 -0.14107155422809181     
  0.11228174089075900     
   3.0063962039147810E-004
 -0.12077055872624592     
  0.13254801736747271     
 -0.12077055872630175     
   3.0063962051086112E-004
  0.11228174089066846     
 -0.14107155422800419     
  0.15009680961191113     
   7.8038684719675552E-002
  -4.7242195046334333E-002
   7.7633497641108528E-003
   2.8207955465104340E-002
  -7.8308123972037902E-002
   2.8207955465193599E-002
   7.7633497639677971E-003
  -4.7242195046198615E-002
   7.8038684719583043E-002
   2.8197258368032319E-002
  -2.0800102970575437E-002
   2.4766632180898748E-003
  -1.3384244049100096E-002
   2.4766632180161846E-003
  -2.0800102970487552E-002
   2.8197258367939217E-002
   1.9518433522800843E-002
  -2.6299478600351939E-002
   2.7343952626755406E-002
  -2.6299478600329131E-002
   1.9518433522755028E-002
   1.6600413575797782E-002
  -1.3758681415977471E-002
   1.6600413575788679E-002
 
