 #E =   -2.6777534388265476     
   7.9311238361867348E-002
   7.5266916412717919E-002
  0.12223500589215759     
   6.6846016194448410E-002
   5.6762143844382225E-002
   2.6742176408157095E-016
  -5.6762143844381691E-002
  -6.6846016194447508E-002
 -0.12223500589215529     
  -7.5266916412716003E-002
  -7.9311238361865294E-002
   8.5387811819170767E-002
  0.13710902484836476     
  0.20244511260082465     
  0.18520227476554268     
  0.17124590963894781     
   8.5149009680013252E-002
   1.4700182215509839E-016
  -8.5149009680012350E-002
 -0.17124590963894601     
 -0.18520227476553866     
 -0.20244511260082060     
 -0.13710902484836116     
  -8.5387811819168019E-002
   9.1538481884293615E-002
  0.15972967283145800     
  0.21978679682657781     
  0.22636006557875710     
  0.18820303897511850     
  0.10635535959552468     
  -6.2018890071548351E-017
 -0.10635535959552413     
 -0.18820303897511681     
 -0.22636006557875499     
 -0.21978679682657368     
 -0.15972967283145562     
  -9.1538481884291936E-002
  0.11639140199620457     
  0.15193780411372126     
  0.19814660821482419     
  0.15228989184658376     
   9.6590390919431030E-002
  -8.5035453193729494E-016
  -9.6590390919431834E-002
 -0.15228989184658445     
 -0.19814660821482369     
 -0.15193780411372035     
 -0.11639140199620344     
   9.2313967242241932E-002
   9.5256239120913924E-002
  0.11305778245645678     
   5.5194734791383274E-002
  -1.8997420622586267E-015
  -5.5194734791386521E-002
 -0.11305778245645912     
  -9.5256239120915298E-002
  -9.2313967242242556E-002
   4.9700972177011950E-002
   3.7830710039101934E-002
   3.4740108436290287E-002
  -2.1318034649842920E-015
  -3.4740108436293930E-002
  -3.7830710039104591E-002
  -4.9700972177013247E-002
   1.6860233287153172E-002
   7.3168376249895840E-003
  -1.7587889259440958E-015
  -7.3168376249917576E-003
  -1.6860233287154532E-002
   2.7324538244998201E-003
  -4.6072043523871379E-016
  -2.7324538245010496E-003
 
