 #E =   0.53295097013440151     
  0.19133252403055820     
  -6.6088759807813868E-002
 -0.15611045537600413     
  0.17404379456669103     
   6.3353646215813797E-002
 -0.23774662123172954     
   6.3353646215813172E-002
  0.17404379456669020     
 -0.15611045537600349     
  -6.6088759807813119E-002
  0.19133252403055673     
 -0.20689532516369655     
  -3.5882094492535641E-002
   3.4686198203389397E-002
  -2.4755816118112971E-002
  0.13461789338923183     
   2.9938439452768122E-002
 -0.21392725995570788     
   2.9938439452770003E-002
  0.13461789338923083     
  -2.4755816118113418E-002
   3.4686198203389633E-002
  -3.5882094492536008E-002
 -0.20689532516369494     
  0.14614715875480067     
  0.12900605512293931     
   4.2151867627877905E-002
 -0.18615713207158247     
  -7.6927360213895776E-002
   9.2537749938225680E-002
   5.4135861826051290E-002
   9.2537749938226652E-002
  -7.6927360213896651E-002
 -0.18615713207158269     
   4.2151867627878342E-002
  0.12900605512293800     
  0.14614715875479947     
 -0.25705292861366069     
   7.9905525576007344E-003
  0.13398811672100602     
  0.10675748272104069     
  -2.6526585215787254E-002
 -0.18515786333415912     
  -2.6526585215787542E-002
  0.10675748272103976     
  0.13398811672100588     
   7.9905525576014647E-003
 -0.25705292861365997     
  0.11880623915517181     
  -7.1308452973369171E-002
 -0.16435803549050401     
   5.2145744716377382E-002
  0.15173323332352825     
   5.2145744716378076E-002
 -0.16435803549050321     
  -7.1308452973369518E-002
  0.11880623915517040     
   8.3555705526272769E-002
   2.6777358652877368E-002
  -1.5166323067998833E-002
  -7.0840196776793207E-002
  -1.5166323067999782E-002
   2.6777358652877541E-002
   8.3555705526273255E-002
  -8.2660401729961683E-002
   1.7276582640805116E-002
   6.8086997732702548E-002
   1.7276582640804953E-002
  -8.2660401729961391E-002
   5.3658325182347304E-003
  -2.0136308286976691E-002
   5.3658325182345951E-003
 
