 #E =  -0.70753214715370372     
  0.19704445368096010     
  0.20559442799303876     
  -5.1579786600207601E-002
 -0.10331129211211475     
  -2.1516273733100326E-002
  -6.0820625097138190E-002
  -2.1516273733108330E-002
 -0.10331129211211618     
  -5.1579786600200683E-002
  0.20559442799303912     
  0.19704445368095341     
 -0.13609122458895617     
  -6.6179142595420432E-002
 -0.10777709994933320     
 -0.13877749304389875     
   6.1167348919582754E-002
  0.14890846185612580     
   6.5706448559937944E-002
  0.14890846185612161     
   6.1167348919586965E-002
 -0.13877749304389250     
 -0.10777709994934008     
  -6.6179142595425178E-002
 -0.13609122458894610     
  -3.0109773746780751E-002
  0.11478759171958439     
  0.12870087269816788     
   8.4049513030438547E-002
   3.3146896904545621E-002
 -0.12176436681166569     
 -0.25132749908079016     
 -0.12176436681167448     
   3.3146896904545912E-002
   8.4049513030443584E-002
  0.12870087269816183     
  0.11478759171958297     
  -3.0109773746768431E-002
  -1.7375187715426763E-002
 -0.12708109559107908     
 -0.10238003718106381     
  -2.9405584971753301E-002
  0.13202839827917565     
  0.24458428790314779     
  0.13202839827916846     
  -2.9405584971748902E-002
 -0.10238003718105487     
 -0.12708109559108280     
  -1.7375187715434132E-002
   2.9841264470289591E-002
  0.14819474951552422     
  -5.0453757771486689E-002
 -0.15448682011180387     
  -9.1005550178170358E-002
 -0.15448682011180889     
  -5.0453757771485939E-002
  0.14819474951552528     
   2.9841264470285022E-002
  0.12546504262282171     
  -5.9424198515868019E-002
   3.2154916409004267E-002
  0.23666165567608230     
   3.2154916409000228E-002
  -5.9424198515865292E-002
  0.12546504262282654     
 -0.19966448980064602     
  -8.1844846663132451E-002
  0.10313589657144487     
  -8.1844846663133408E-002
 -0.19966448980064508     
   3.8620733136169413E-002
  0.10917025690361622     
   3.8620733136167547E-002
 
