 #E =    2.0344485793439111E-015
   1.1182965487614073E-016
   4.3965706711048366E-002
   2.6660127125838342E-016
   3.8160188627489329E-002
  -5.9810742842793757E-017
  -9.0059006724571011E-002
   3.0880513676890740E-017
   2.6507487081313067E-002
   2.5497764797773484E-016
   5.1846458682774182E-002
  -2.7213177575503590E-016
   8.0402855105265711E-017
  -4.3965706711048505E-002
  -2.0765822810991550E-016
  -8.2125895338538077E-002
   2.7895134003426992E-016
   5.1898818097081828E-002
   1.5498197037076470E-016
   6.3551519643257795E-002
   1.4536743750426111E-016
  -7.8353945764087510E-002
  -1.4710524899921371E-016
  -5.1846458682773787E-002
   1.8559608809274958E-016
   4.3965706711048602E-002
   2.4092199463126330E-016
  0.12609160204958675     
  -3.6032101769615078E-016
   3.0227077241456391E-002
  -6.5523613300841468E-018
 -0.11545033774033979     
  -3.3733249482204653E-016
   1.4802426120829378E-002
   1.4094450744160217E-017
  0.13020040444686082     
  -1.0929168906463186E-017
   5.1846458682774287E-002
 -0.17005730876063588     
  -1.3019638925166301E-016
 -0.15631867929104257     
   3.2434210731380684E-018
   8.5223260498882888E-002
   4.0473349855046811E-017
  0.10064791161951049     
   3.1918231420034597E-016
 -0.14500283056769050     
   1.4219252984184521E-019
 -0.18204686312963486     
  0.32637598805167795     
   9.7482879943960167E-017
   7.1095418792160262E-002
  -2.3657186130476724E-016
 -0.18587117211839366     
  -1.5583598272604131E-016
   4.4354918948180243E-002
   2.1989696130927650E-016
  0.32704969369732440     
 -0.39747140684383797     
   1.0107274733000115E-016
  0.11477575332623371     
  -5.3517187883941308E-017
  0.14151625317021399     
  -2.0753300050011422E-016
 -0.37140461264550478     
  0.28269565351760473     
   7.6866675547947567E-018
 -0.25629200649644795     
  -6.3415158807891703E-017
  0.22988835947529140     
  -2.6403647021157085E-002
  -1.7212587519945202E-016
   2.6403647021156829E-002
 
