 #E =   -1.3763864107767239     
 -0.11470219912005594     
 -0.13228682349341153     
  -6.7375587061094699E-002
   7.3478464463805696E-002
  0.16851034703381698     
  0.24485906823031045     
  0.16851034703383369     
   7.3478464463821877E-002
  -6.7375587061088760E-002
 -0.13228682349341098     
 -0.11470219912006110     
   6.8494241918666040E-003
  -2.5587724661639662E-002
   7.2634178421211712E-002
  -3.3926483419389412E-002
  -5.1954542104006615E-002
  -8.6402180961501318E-002
 -0.23547859266669122     
  -8.6402180961493810E-002
  -5.1954542104012895E-002
  -3.3926483419397635E-002
   7.2634178421200665E-002
  -2.5587724661646955E-002
   6.8494241918734544E-003
   3.5015179040970200E-002
   4.1344992411038575E-002
  0.15948690421791673     
  0.10553643683013944     
   4.8819138650808870E-002
   1.3612104298664676E-002
 -0.15130517305226632     
   1.3612104298666602E-002
   4.8819138650800724E-002
  0.10553643683013340     
  0.15948690421791720     
   4.1344992411055700E-002
   3.5015179040987096E-002
 -0.13759539755066630     
 -0.23072942778519709     
  -6.3047125373925553E-002
   3.8415784351850245E-002
  0.12122154978021435     
  0.11481980516026601     
  0.12122154978022527     
   3.8415784351863665E-002
  -6.3047125373925872E-002
 -0.23072942778520480     
 -0.13759539755066036     
 -0.11693032604524219     
   6.9788116008833292E-002
  -5.2994608650730017E-003
 -0.11549800627981341     
  -8.4406680049818064E-002
 -0.11549800627980118     
  -5.2994608650652466E-003
   6.9788116008818679E-002
 -0.11693032604525923     
  0.21828520141858301     
  0.23065666889736347     
  -6.9263745400448454E-002
 -0.21049234054622615     
  -6.9263745400439336E-002
  0.23065666889736386     
  0.21828520141857224     
  0.16845124860722246     
   1.1973405639888975E-003
 -0.15119130629952357     
   1.1973405639916068E-003
  0.16845124860722460     
  -1.5611939026352615E-002
  -2.2685401285735828E-002
  -1.5611939026350918E-002
 
