 #E =   -4.6029689948041062E-016
   3.0995974839413899E-017
  -4.3245318574565989E-005
  -1.0963657698712506E-016
   7.0407757563343077E-003
   1.6612541171883112E-016
   4.7990451441608593E-002
   6.6043296072497318E-017
  -8.1716597567519242E-002
  -7.3706215596231189E-017
   2.9418760336923186E-002
   2.4294884266740796E-016
  -1.5111390924568555E-016
   4.3245318574541703E-005
  -1.0671018485507606E-016
  -6.9975304377596949E-003
   1.7574614085969970E-016
  -5.5031227197942602E-002
  -1.6705643539049904E-016
   3.3726146125910753E-002
   2.7838925678163319E-016
   5.2297837230595987E-002
   3.8855842511724976E-017
  -2.9418760336923103E-002
  -1.1147428711742416E-016
  -4.3245318574799316E-005
   4.4392163773515787E-017
   6.9542851191850266E-003
  -2.4232693239390415E-017
   6.2028757635702494E-002
   2.5440431206016416E-016
   2.1305081072032054E-002
   4.5837686818738409E-017
  -8.6023983356506586E-002
  -2.0466388634416349E-016
  -2.2879076893672738E-002
   1.9714495946169264E-016
   2.9418760336923158E-002
  -6.9110398006100981E-003
   2.0007422099068381E-017
  -6.8983042754887439E-002
  -7.6733439289846731E-017
  -8.3333838707734309E-002
  -2.1480429998528210E-016
   6.4718902284474397E-002
   1.1671887383834942E-016
  0.10890306025017932     
   2.9228803433568178E-017
  -6.5396834432502500E-003
   7.5894082555497608E-002
  -5.3265545262792902E-017
  0.15231688146262201     
   2.9876810887438967E-016
   1.8614936423259912E-002
   2.5049465328400069E-016
 -0.17362196253465373     
  -2.0803281710702114E-016
 -0.10236337680692879     
 -0.22821096401811983     
   1.3733506647352944E-016
 -0.17093181788588155     
  -3.5559487061479474E-016
  0.15500702611139391     
   3.0865758180029212E-016
  0.27598533934158204     
  0.39914278190400088     
  -1.5018645185090803E-017
   1.5924791774487791E-002
   3.2598638951360716E-016
 -0.43099236545297587     
 -0.41506757367848840     
   1.4283205081992661E-016
  0.41506757367848812     
 
