 #E =   -1.8568508934326504     
   9.2813019866950994E-002
  0.15362488289090154     
  0.19244548118250612     
  0.14967091151298359     
   8.5471084581256407E-002
   9.2060256301195020E-002
   8.5471084581256032E-002
  0.14967091151298373     
  0.19244548118250701     
  0.15362488289090226     
   9.2813019866951202E-002
  -3.6239737566987278E-002
   1.8715055971228845E-002
  -2.1822213899145616E-002
   5.4046769266927849E-002
  -7.0266475482916965E-002
  -8.3024108046815565E-002
 -0.16936799830151786     
  -8.3024108046815967E-002
  -7.0266475482917257E-002
   5.4046769266928064E-002
  -2.1822213899145879E-002
   1.8715055971228165E-002
  -3.6239737566987840E-002
  -8.6006845050254022E-002
 -0.12346214950590065     
 -0.11328242261346370     
  -6.5064204234979606E-002
 -0.10149702899893034     
  -5.3134169259526978E-002
 -0.14844290287144152     
  -5.3134169259527457E-002
 -0.10149702899893014     
  -6.5064204234978870E-002
 -0.11328242261346362     
 -0.12346214950590068     
  -8.6006845050254355E-002
  -2.9961534951429548E-002
   6.7828046562725022E-002
   9.3964925848188247E-002
  0.17171501418479529     
  0.15127770220901729     
  0.16231929157798408     
  0.15127770220901690     
  0.17171501418479468     
   9.3964925848188774E-002
   6.7828046562725938E-002
  -2.9961534951429135E-002
   6.1943177963029186E-002
   4.7191198779983512E-002
   7.3606549447631356E-002
  -8.2229825860449815E-002
  -1.1526828300999483E-003
  -8.2229825860450273E-002
   7.3606549447631120E-002
   4.7191198779983679E-002
   6.1943177963029672E-002
  -4.7922707793890060E-002
 -0.13617652156278001     
 -0.22514239223331911     
 -0.19964950474477314     
 -0.22514239223331961     
 -0.13617652156277993     
  -4.7922707793889997E-002
   2.0205604298810610E-002
  0.17369531595737325     
   7.9565423207919733E-002
  0.17369531595737284     
   2.0205604298810818E-002
  0.22275527511378432     
  0.23992801565449318     
  0.22275527511378440     
 
