 #E =  -0.53295097013440274     
  0.19133252403055728     
   6.6088759807813979E-002
 -0.15611045537600368     
 -0.17404379456669147     
   6.3353646215813117E-002
  0.23774662123172985     
   6.3353646215813575E-002
 -0.17404379456669106     
 -0.15611045537600390     
   6.6088759807813549E-002
  0.19133252403055775     
 -0.20689532516369552     
   3.5882094492535467E-002
   3.4686198203389439E-002
   2.4755816118113234E-002
  0.13461789338923191     
  -2.9938439452768268E-002
 -0.21392725995570716     
  -2.9938439452768615E-002
  0.13461789338923102     
   2.4755816118112207E-002
   3.4686198203389577E-002
   3.5882094492535994E-002
 -0.20689532516369608     
 -0.14614715875479956     
  0.12900605512293872     
  -4.2151867627878134E-002
 -0.18615713207158255     
   7.6927360213895860E-002
   9.2537749938225292E-002
  -5.4135861826051734E-002
   9.2537749938226221E-002
   7.6927360213896179E-002
 -0.18615713207158260     
  -4.2151867627877926E-002
  0.12900605512293883     
 -0.14614715875480039     
  0.25705292861366025     
   7.9905525576009339E-003
 -0.13398811672100580     
  0.10675748272104006     
   2.6526585215787355E-002
 -0.18515786333415901     
   2.6526585215787962E-002
  0.10675748272103980     
 -0.13398811672100686     
   7.9905525576009911E-003
  0.25705292861366108     
 -0.11880623915517151     
  -7.1308452973369144E-002
  0.16435803549050298     
   5.2145744716377215E-002
 -0.15173323332352834     
   5.2145744716377868E-002
  0.16435803549050382     
  -7.1308452973369199E-002
 -0.11880623915517062     
  -8.3555705526272714E-002
   2.6777358652877767E-002
   1.5166323067999386E-002
  -7.0840196776792680E-002
   1.5166323067999117E-002
   2.6777358652876823E-002
  -8.3555705526273699E-002
   8.2660401729961641E-002
   1.7276582640805564E-002
  -6.8086997732701965E-002
   1.7276582640805421E-002
   8.2660401729961780E-002
  -5.3658325182344441E-003
  -2.0136308286977132E-002
  -5.3658325182351788E-003
 
