 #E =   -2.6922147086503281     
  -4.9512547738558843E-002
  -5.8096579646885915E-002
 -0.10689591850906278     
  -8.9580223783395696E-002
 -0.13427327756478355     
  -9.9749308354457653E-002
 -0.13427327756478435     
  -8.9580223783396917E-002
 -0.10689591850906467     
  -5.8096579646887143E-002
  -4.9512547738560335E-002
  -4.0432923260427051E-002
  -7.5201829637614084E-002
 -0.11251400086881501     
 -0.14010996067450421     
 -0.15779617757844158     
 -0.17216296070074461     
 -0.17143019994010808     
 -0.17216296070074583     
 -0.15779617757844397     
 -0.14010996067450707     
 -0.11251400086881827     
  -7.5201829637616471E-002
  -4.0432923260428556E-002
  -3.3652281077837756E-002
  -5.0166242836963242E-002
  -8.7600057756001576E-002
  -7.3157920263547810E-002
 -0.11254826887023106     
  -7.2050007043577877E-002
 -0.11720098438413468     
  -7.2050007043578973E-002
 -0.11254826887023335     
  -7.3157920263550932E-002
  -8.7600057756004879E-002
  -5.0166242836965851E-002
  -3.3652281077839304E-002
  -1.3805958009557631E-002
   1.2997639616623488E-002
   3.1914976384412428E-003
   6.8752477531758380E-002
   3.5775164533285504E-002
   9.9611953672716164E-002
   3.5775164533284172E-002
   6.8752477531755757E-002
   3.1914976384380326E-003
   1.2997639616621029E-002
  -1.3805958009559444E-002
   4.5606896924726345E-002
  0.10978591910002410     
  0.14612976909542436     
  0.21487431709859486     
  0.19662643776851163     
  0.21487431709859339     
  0.14612976909542164     
  0.10978591910002143     
   4.5606896924724298E-002
  0.10383060018362879     
  0.16974834992233223     
  0.23573159014009606     
  0.25001738724777034     
  0.23573159014009476     
  0.16974834992233026     
  0.10383060018362673     
  0.11743681410630030     
  0.14641676835168327     
  0.20163730708658106     
  0.14641676835168285     
  0.11743681410629916     
   7.5111256156568038E-002
   5.5798860258232080E-002
   7.5111256156567774E-002
 
