 #E =    1.3515349244861576     
 -0.15215326267139045     
  -3.9824748368534398E-002
  0.20597780095033755     
  -8.2106617899162182E-002
  -9.5007839328179758E-002
  0.14059250354081898     
  -9.5007839328180604E-002
  -8.2106617899165887E-002
  0.20597780095034357     
  -3.9824748368537798E-002
 -0.15215326267139226     
 -0.13056127023202840     
  0.24546519674343478     
  -4.9040253241199289E-002
 -0.15645482538554223     
   5.4516612903806112E-002
   6.9920527310347647E-002
  -5.4008808174049426E-002
   6.9920527310351921E-002
   5.4516612903801581E-002
 -0.15645482538554301     
  -4.9040253241200586E-002
  0.24546519674343942     
 -0.13056127023203123     
  -6.9007080239573734E-002
  0.22382674921263085     
  -2.2730756396765944E-002
 -0.14406508484121602     
   1.2853191771007915E-002
   7.2176934367775378E-002
  -6.6846264143598524E-002
   7.2176934367774656E-002
   1.2853191771011180E-002
 -0.14406508484121605     
  -2.2730756396768376E-002
  0.22382674921263540     
  -6.9007080239575080E-002
 -0.21077183195873575     
   6.1038742777527182E-002
  0.20458655818772278     
 -0.19347953640743804     
  -4.3556575167803396E-002
  0.18017083456995575     
  -4.3556575167804840E-002
 -0.19347953640743548     
  0.20458655818772190     
   6.1038742777526106E-002
 -0.21077183195873747     
  -7.6310718839541852E-002
   4.2097858846756576E-002
  0.10046436760812368     
   1.5600576071885877E-002
 -0.15639402495950530     
   1.5600576071889263E-002
  0.10046436760812237     
   4.2097858846753031E-002
  -7.6310718839538078E-002
  -8.1050375246061970E-002
   6.7444553941004556E-002
   3.4844933948124490E-002
 -0.13013927518519477     
   3.4844933948121833E-002
   6.7444553941005431E-002
  -8.1050375246059472E-002
  -4.4948228819720874E-002
  -6.6954528973569502E-003
  0.10619790756385872     
  -6.6954528973561097E-003
  -4.4948228819721846E-002
  -5.2200540318107870E-002
   7.7246306214327529E-002
  -5.2200540318108439E-002
 
