 #E =   -2.0771365072235954     
 -0.13417878907837635     
  -9.6174982103561402E-002
  -6.5589777330507165E-002
   5.4827218166747987E-002
  0.17947339377417140     
  0.17280847277011041     
  0.17947339377417923     
   5.4827218166751339E-002
  -6.5589777330507665E-002
  -9.6174982103569243E-002
 -0.13417878907839126     
 -0.10118039017274331     
 -0.18253267918618774     
 -0.14378611244784237     
  -9.4891157057048300E-002
   1.2274003242466192E-002
  0.14515504734678855     
  0.10975945103514638     
  0.14515504734680232     
   1.2274003242486502E-002
  -9.4891157057046593E-002
 -0.14378611244785833     
 -0.18253267918621224     
 -0.10118039017276433     
  -2.7632803056744957E-002
   4.3783286146658641E-002
  -2.1239547153934064E-002
   5.5885387510850426E-002
  -2.4769110065031907E-002
 -0.11960821352083351     
  -6.2324731935668350E-002
 -0.11960821352081351     
  -2.4769110065006667E-002
   5.5885387510862326E-002
  -2.1239547153945045E-002
   4.3783286146639844E-002
  -2.7632803056764219E-002
  0.13981621227212113     
  0.24663407266548731     
  0.16209023583809065     
   3.4164086147441979E-002
 -0.16134874486721795     
 -0.24969924098501087     
 -0.16134874486720172     
   3.4164086147453844E-002
  0.16209023583810100     
  0.24663407266548509     
  0.13981621227211130     
  0.21038618814850829     
  0.19036675935339126     
   7.0221979601910414E-002
  -7.8670208060194757E-002
 -0.19596191954156855     
  -7.8670208060198532E-002
   7.0221979601910595E-002
  0.19036675935338379     
  0.21038618814850371     
  0.11480957786435858     
   4.8108406207597973E-002
  -3.7668821253048122E-002
  -4.7681481956188924E-002
  -3.7668821253056088E-002
   4.8108406207584227E-002
  0.11480957786434794     
   2.2786970226832834E-002
  -7.7675846042570321E-004
  -2.3703304383618583E-002
  -7.7675846043202725E-004
   2.2786970226823706E-002
  -6.9709919865996214E-004
  -6.7121173426697015E-004
  -6.9709919866287669E-004
 
