 #E =    1.6917439450317835     
  0.15328185444301437     
  -4.4738019618833648E-002
  -7.7596580640139717E-002
   7.0199536467463478E-002
  -4.1163060122729044E-002
   4.8663463810368526E-002
  -4.1163060122735538E-002
   7.0199536467469126E-002
  -7.7596580640143201E-002
  -4.4738019618834335E-002
  0.15328185444301934     
  0.21104241639672866     
 -0.21457562951837927     
  -1.3172488506418803E-003
  0.10581202860449698     
 -0.10009302921240518     
  -4.9225642556225191E-002
  0.22453327206992779     
  -4.9225642556220563E-002
 -0.10009302921240749     
  0.10581202860449791     
  -1.3172488506383879E-003
 -0.21457562951838643     
  0.21104241639673205     
 -0.14245410056566243     
   2.9953445680179908E-002
  0.11099204868105599     
 -0.21640632313238720     
  0.11274539006170489     
  0.12576302137765705     
 -0.28140151837002869     
  0.12576302137766179     
  0.11274539006170267     
 -0.21640632313238675     
  0.11099204868105574     
   2.9953445680175547E-002
 -0.14245410056566166     
  -1.9211508477676283E-002
   2.5475074618554919E-003
  0.14236664808304708     
  -2.6989099198433831E-002
  -4.4102701616230547E-002
  -2.4163443760421805E-002
  -4.4102701616235709E-002
  -2.6989099198429727E-002
  0.14236664808304836     
   2.5475074618485517E-003
  -1.9211508477669791E-002
 -0.12746486992888814     
  0.21309041444460536     
  -5.2605301316003904E-002
  -9.7106615268249832E-002
  0.12908376290527601     
  -9.7106615268247334E-002
  -5.2605301316006749E-002
  0.21309041444460433     
 -0.12746486992888376     
 -0.18042424713608332     
   9.2141213184782148E-002
   8.7801066813320797E-002
 -0.14357152106529950     
   8.7801066813319617E-002
   9.2141213184782342E-002
 -0.18042424713608290     
  -6.3256159170475737E-002
   1.4872011077836589E-002
   6.7284117814582822E-002
   1.4872011077836700E-002
  -6.3256159170475876E-002
  -2.9187593335482691E-002
   3.4505923217516554E-002
  -2.9187593335482920E-002
 
