 #E =   -1.8062239920702245     
 -0.12847650053078935     
 -0.16978614259697164     
 -0.17819530374891715     
 -0.12969352029690648     
  -5.6060244227402141E-002
   4.0729679986234400E-015
   5.6060244227409302E-002
  0.12969352029690817     
  0.17819530374891276     
  0.16978614259696850     
  0.12847650053078793     
  -1.4347162198815397E-002
  -6.2271195078963212E-002
   3.0347936163096664E-002
  -2.2380970011657505E-002
  0.10742232258496086     
   2.8436162172052415E-002
   1.8368628380423477E-015
  -2.8436162172049074E-002
 -0.10742232258496626     
   2.2380970011650306E-002
  -3.0347936163099151E-002
   6.2271195078963518E-002
   1.4347162198820389E-002
   3.6357006497339549E-002
   8.0016059614162971E-002
  0.13946733549822149     
  0.14154525170973487     
  0.18797358417646842     
   9.0554823320273467E-002
  -3.7707797170327181E-016
  -9.0554823320275993E-002
 -0.18797358417647397     
 -0.14154525170973703     
 -0.13946733549821894     
  -8.0016059614154367E-002
  -3.6357006497331715E-002
  -3.1297415369538562E-002
 -0.13654620214441118     
  -7.1778490072947690E-002
 -0.13464708044965643     
  -2.4411289697709785E-002
   2.6497071532652999E-015
   2.4411289697711114E-002
  0.13464708044965620     
   7.1778490072947038E-002
  0.13654620214441210     
   3.1297415369543703E-002
 -0.14355712089681938     
 -0.12275011385195000     
 -0.14701300739972140     
  -8.1412268101681024E-003
   3.3633359406999262E-015
   8.1412268101707253E-003
  0.14701300739972054     
  0.12275011385194536     
  0.14355712089681746     
   6.8855927627797020E-002
  0.24711934232952831     
  0.13230812821030744     
  -1.0200121628580009E-016
 -0.13230812821030832     
 -0.24711934232953267     
  -6.8855927627802238E-002
  0.24518882918210450     
  0.19574660352679671     
   6.9180073949169145E-016
 -0.19574660352679524     
 -0.24518882918210635     
  0.10837338247425303     
   1.6265979732543412E-015
 -0.10837338247425014     
 
