 #E =    2.4189883414372155     
 -0.10442503817853041     
  0.11064115681215150     
 -0.16321463023319055     
   9.8213110670743731E-002
  -7.4361739455621481E-002
  -3.2568511689617934E-014
   7.4361739455700182E-002
  -9.8213110670764034E-002
  0.16321463023316063     
 -0.11064115681211288     
  0.10442503817846668     
  -7.5548344685648638E-002
  0.14196179309584947     
 -0.16343053956420270     
  0.18596002020317834     
 -0.12318995104752496     
   8.1667070121429458E-002
   7.1616296877172179E-014
  -8.1667070121533653E-002
  0.12318995104755348     
 -0.18596002020312530     
  0.16343053956407441     
 -0.14196179309573492     
   7.5548344685563623E-002
   4.0788771913614214E-002
  -2.3119219034925267E-002
   6.7414756541571905E-002
   2.3474248484238684E-002
   3.0367965041576361E-002
   2.6255949174539866E-002
  -6.9043512226918389E-014
  -2.6255949174445407E-002
  -3.0367965041594756E-002
  -2.3474248484317603E-002
  -6.7414756541430768E-002
   2.3119219034792280E-002
  -4.0788771913523994E-002
  -5.2278407146568194E-002
  0.14958007643138233     
 -0.15456665499052227     
  0.20084061148140100     
  -9.3880799988086711E-002
   3.9373452415114579E-014
   9.3880799988015254E-002
 -0.20084061148140184     
  0.15456665499058975     
 -0.14958007643146648     
   5.2278407146658233E-002
 -0.15498739886171117     
  0.22533263448477622     
 -0.23738364268202169     
  0.14805501812953101     
  -2.3141753270616843E-014
 -0.14805501812951449     
  0.23738364268202691     
 -0.22533263448480448     
  0.15498739886175764     
 -0.15270597422027435     
  0.14406133682187997     
 -0.12075972006456605     
  -3.5727172088828577E-015
  0.12075972006456709     
 -0.14406133682189168     
  0.15270597422029086     
  -7.5016999939146942E-002
   3.7403911440513256E-002
   7.7042322174647444E-015
  -3.7403911440528098E-002
   7.5016999939157877E-002
  -1.5462625759612308E-002
  -3.8957010360662895E-015
   1.5462625759621840E-002
 
