 #E =  -0.69227448352820231     
  0.17925877747184679     
   2.9113550014620470E-002
 -0.15910420967180333     
   4.3960445982465964E-003
  0.16214747917562125     
   1.3810300279095135E-015
 -0.16214747917562056     
  -4.3960445982422474E-003
  0.15910420967180516     
  -2.9113550014630101E-002
 -0.17925877747185559     
 -0.26064384814657937     
   9.4982727577599194E-002
  0.14713918935261469     
 -0.14365337919057769     
  -8.7482548567049373E-002
  0.10785451780345522     
  -2.0650568510869512E-015
 -0.10785451780346171     
   8.7482548567047735E-002
  0.14365337919058435     
 -0.14713918935261028     
  -9.4982727577596085E-002
  0.26064384814658520     
 -0.27541981293807583     
   6.9977739391438948E-002
  0.15053135792881792     
 -0.11290791067908246     
  -2.4763074739862483E-002
  0.18324761447002308     
   5.2104485490376382E-015
 -0.18324761447001736     
   2.4763074739861796E-002
  0.11290791067907784     
 -0.15053135792882485     
  -6.9977739391443791E-002
  0.27541981293807671     
  0.17333225840493716     
   5.0015760274615524E-002
 -0.20393154874056568     
  -7.8284457175014616E-002
  0.15162072240486740     
  -5.9922777010840803E-015
 -0.15162072240487343     
   7.8284457175016781E-002
  0.20393154874057037     
  -5.0015760274609786E-002
 -0.17333225840493477     
   6.5223924948008827E-002
  -4.8629013175504531E-003
  -1.8835058234204817E-003
   8.1843455471434373E-002
   1.5886414792686252E-015
  -8.1843455471427184E-002
   1.8835058234233841E-003
   4.8629013175432679E-003
  -6.5223924948011186E-002
  -6.6706881622644154E-002
  -4.1316570705542496E-002
   5.8541641690069812E-002
  -5.4170601126594794E-015
  -5.8541641690071033E-002
   4.1316570705546195E-002
   6.6706881622638325E-002
  -2.0437167713761296E-002
   2.7168440981719093E-002
  -2.9638383636862929E-015
  -2.7168440981715888E-002
   2.0437167713770854E-002
   3.9245186162650381E-002
  -2.4126778351707501E-015
  -3.9245186162652011E-002
 
