 #E =    1.8062239920702239     
  0.12847650053078638     
 -0.16978614259696861     
  0.17819530374891437     
 -0.12969352029690820     
   5.6060244227407949E-002
  -7.2263453871676149E-016
  -5.6060244227406547E-002
  0.12969352029690948     
 -0.17819530374891740     
  0.16978614259697150     
 -0.12847650053078885     
   1.4347162198817019E-002
  -6.2271195078961186E-002
  -3.0347936163098266E-002
  -2.2380970011653459E-002
 -0.10742232258496304     
   2.8436162172048644E-002
   6.7556269437635347E-016
  -2.8436162172050739E-002
  0.10742232258496341     
   2.2380970011654639E-002
   3.0347936163099162E-002
   6.2271195078961429E-002
  -1.4347162198815534E-002
   3.6357006497335163E-002
  -8.0016059614156129E-002
  0.13946733549821885     
 -0.14154525170973539     
  0.18797358417647200     
  -9.0554823320277381E-002
   5.1954311654971270E-016
   9.0554823320275091E-002
 -0.18797358417647195     
  0.14154525170973595     
 -0.13946733549822138     
   8.0016059614160265E-002
  -3.6357006497338237E-002
  -3.1297415369543814E-002
  0.13654620214441390     
  -7.1778490072947537E-002
  0.13464708044965401     
  -2.4411289697708210E-002
   3.6489627472810578E-016
   2.4411289697709948E-002
 -0.13464708044965665     
   7.1778490072949522E-002
 -0.13654620214441512     
   3.1297415369542059E-002
 -0.14355712089681844     
  0.12275011385194569     
 -0.14701300739971823     
   8.1412268101692924E-003
  -2.4680423678320585E-015
  -8.1412268101655316E-003
  0.14701300739971901     
 -0.12275011385194814     
  0.14355712089682102     
   6.8855927627801114E-002
 -0.24711934232953087     
  0.13230812821030780     
   8.2286042688467592E-016
 -0.13230812821030988     
  0.24711934232953031     
  -6.8855927627799157E-002
  0.24518882918210505     
 -0.19574660352679529     
   1.4271773933573471E-016
  0.19574660352679452     
 -0.24518882918210394     
  0.10837338247425127     
  -7.7810275596550546E-016
 -0.10837338247425017     
 
