 #E =   -1.3515349244861565     
 -0.15215326267138682     
   3.9824748368542044E-002
  0.20597780095034471     
   8.2106617899166082E-002
  -9.5007839328181118E-002
 -0.14059250354082956     
  -9.5007839328193747E-002
   8.2106617899156117E-002
  0.20597780095034304     
   3.9824748368541281E-002
 -0.15215326267138685     
 -0.13056127023202552     
 -0.24546519674343700     
  -4.9040253241208281E-002
  0.15645482538554073     
   5.4516612903805411E-002
  -6.9920527310342748E-002
  -5.4008808174040177E-002
  -6.9920527310349964E-002
   5.4516612903808125E-002
  0.15645482538554908     
  -4.9040253241197984E-002
 -0.24546519674343631     
 -0.13056127023203448     
   6.9007080239579840E-002
  0.22382674921263571     
   2.2730756396757486E-002
 -0.14406508484122282     
  -1.2853191771012264E-002
   7.2176934367776474E-002
   6.6846264143603937E-002
   7.2176934367771020E-002
  -1.2853191771010160E-002
 -0.14406508484121749     
   2.2730756396762808E-002
  0.22382674921262696     
   6.9007080239566712E-002
  0.21077183195874483     
   6.1038742777535474E-002
 -0.20458655818771918     
 -0.19347953640743390     
   4.3556575167803410E-002
  0.18017083456995042     
   4.3556575167794050E-002
 -0.19347953640744184     
 -0.20458655818771909     
   6.1038742777538138E-002
  0.21077183195874050     
   7.6310718839541061E-002
   4.2097858846747403E-002
 -0.10046436760812208     
   1.5600576071893796E-002
  0.15639402495950847     
   1.5600576071891418E-002
 -0.10046436760812413     
   4.2097858846754869E-002
   7.6310718839548208E-002
   8.1050375246048481E-002
   6.7444553940994786E-002
  -3.4844933948119133E-002
 -0.13013927518518445     
  -3.4844933948120139E-002
   6.7444553940994981E-002
   8.1050375246053574E-002
   4.4948228819715566E-002
  -6.6954528973540818E-003
 -0.10619790756385239     
  -6.6954528973601135E-003
   4.4948228819711437E-002
   5.2200540318110833E-002
   7.7246306214328611E-002
   5.2200540318106538E-002
 
