 #E =    1.7695357349419365     
   4.1697388440486163E-002
  -9.4802750723385551E-002
  0.12605946673533713     
   5.2068977534942232E-002
 -0.21819738316530637     
  0.24661540183303188     
 -0.21819738316530973     
   5.2068977534946284E-002
  0.12605946673533353     
  -9.4802750723383483E-002
   4.1697388440486143E-002
 -0.13001221073760527     
   2.1017731824189610E-002
   5.1123194766789087E-002
 -0.18033295792745999     
  0.14192295173829511     
   8.7423687413853882E-002
  -7.8424907532197011E-002
   8.7423687413856033E-002
  0.14192295173829642     
 -0.18033295792745938     
   5.1123194766790392E-002
   2.1017731824187702E-002
 -0.13001221073760375     
  0.20904352105480428     
 -0.23989776992695794     
   6.8850906079040472E-002
   6.6940436470175321E-002
 -0.15822846419574721     
   7.1127533470884505E-002
  -3.6071698439969907E-002
   7.1127533470889057E-002
 -0.15822846419575207     
   6.6940436470178055E-002
   6.8850906079039154E-002
 -0.23989776992695891     
  0.20904352105480412     
  0.14661324948478641     
  -1.9539614252329966E-002
  -2.9075936329878524E-002
   4.0500861447710030E-003
   6.8437450420708160E-002
 -0.19628013374341563     
   6.8437450420704760E-002
   4.0500861447722060E-003
  -2.9075936329877823E-002
  -1.9539614252334549E-002
  0.14661324948479021     
  -8.2961267488429677E-002
  0.16634254168918314     
  -4.6528286253595091E-002
  -8.8059162622610362E-002
  0.21044980987674405     
  -8.8059162622609308E-002
  -4.6528286253594682E-002
  0.16634254168918117     
  -8.2961267488425541E-002
 -0.16485951801805396     
  0.12538226668906793     
  -8.0976885733764145E-003
  -2.2993954765437016E-002
  -8.0976885733786089E-003
  0.12538226668907002     
 -0.16485951801805432     
  -4.8911194842894870E-002
  -3.8832159575857957E-002
   5.6884001791833991E-002
  -3.8832159575856243E-002
  -4.8911194842897146E-002
   6.0742087085509065E-002
  -6.8653134136905936E-002
   6.0742087085508364E-002
 
