 #E =   -1.3128831359745399     
 -0.11847507162165562     
   2.9570583696975676E-002
  0.15729779227833904     
   8.9600981639122876E-002
  -3.9662174517570231E-002
   2.0455119903915247E-015
   3.9662174517573034E-002
  -8.9600981639120406E-002
 -0.15729779227833837     
  -2.9570583696978129E-002
  0.11847507162165219     
 -0.22826839137612973     
 -0.18511450726242304     
  0.10370974818871376     
   8.7342053472158690E-002
 -0.14633763140206907     
 -0.14167278169932204     
  -3.2092581463003650E-015
  0.14167278169931913     
  0.14633763140206874     
  -8.7342053472158163E-002
 -0.10370974818871299     
  0.18511450726242090     
  0.22826839137612936     
 -0.11457521425133387     
   7.7844524784883407E-002
  0.23393123322339252     
  0.12557009810312178     
 -0.13779348019907178     
 -0.16013920310165564     
  -1.3425649220808979E-015
  0.16013920310165733     
  0.13779348019907328     
 -0.12557009810312128     
 -0.23393123322338971     
  -7.7844524784881089E-002
  0.11457521425133563     
  -1.7155255154032729E-002
 -0.10036736996995332     
   6.8721111157936707E-002
   6.5020059791518342E-002
  -7.2450578961492249E-002
   2.1092414389466763E-015
   7.2450578961495898E-002
  -6.5020059791519424E-002
  -6.8721111157939982E-002
  0.10036736996994958     
   1.7155255154031629E-002
 -0.18333648343957321     
 -0.14033200734673765     
   8.9093207803896526E-002
  0.19228091761083038     
  -2.2499209717522656E-016
 -0.19228091761083271     
  -8.9093207803897984E-002
  0.14033200734673956     
  0.18333648343957173     
  -8.9996250247310616E-002
   2.2177448096099464E-002
  0.16334916629707297     
  -2.3938482209353949E-015
 -0.16334916629707438     
  -2.2177448096094312E-002
   8.9996250247315959E-002
  -4.4236518445442526E-002
  -8.0254827157347289E-002
  -1.9765130524839117E-015
   8.0254827157346775E-002
   4.4236518445445655E-002
  -6.1128690709987742E-002
   4.9886540451547167E-016
   6.1128690709988359E-002
 
