 #E =   -5.8238490901537943E-016
   2.4072763616643222E-016
  0.10181983061318553     
  -1.9273125583174967E-016
 -0.27532348034660786     
   2.0798879078314210E-017
  0.41044374293409835     
   2.5158579322646273E-016
 -0.41010689282648194     
  -1.9333176231985757E-017
  0.24293155839774661     
  -5.9259493417171417E-017
  -1.5155321161281143E-016
 -0.10181983061318553     
   1.3988705212296894E-016
  0.17350364973342206     
   2.2503633672072979E-016
 -0.13512026258749046     
  -3.6874795213098453E-016
  -3.3685010761699846E-004
   2.5001594378551032E-017
  0.16717533442873445     
  -3.0578760145594996E-016
 -0.24293155839774683     
   1.1528183318032179E-016
  0.10181983061318485     
  -2.1063284795001881E-016
  -7.1683819120236636E-002
   9.3729991511477251E-017
  -3.8383387145931772E-002
   3.3310660167647170E-017
  0.13545711269510766     
   1.3477719858353169E-016
 -0.16683848432111767     
   1.4776539582288733E-016
   7.5756223969012354E-002
   1.6759336946203124E-016
  0.24293155839774680     
  -3.0136011492948506E-002
  -2.5695884980257241E-017
  0.11006720626616866     
  -2.0921327517923435E-016
  -9.7073725549175718E-002
   1.1705830181106172E-016
   3.1381371626009930E-002
  -1.3054630956676661E-016
   9.1082260352105371E-002
  -2.5066553080229383E-016
 -0.31868778236675949     
  -7.9931194773220013E-002
   2.7147426867248997E-017
  -1.2993480716992549E-002
   1.2928053704584666E-017
   6.5692353923165830E-002
  -1.6188331529366560E-016
 -0.12246363197811487     
   3.4207653252926335E-016
  0.22760552201465459     
   9.2924675490212910E-002
  -1.4184746616968941E-016
  -5.2698873206173107E-002
   1.8720491452180999E-016
   5.6771278054949144E-002
  -4.2658729211452858E-017
 -0.10514189003653933     
  -4.0225802284039609E-002
   9.3649897931669356E-017
  -4.0724048487758768E-003
  -2.6235180252474882E-016
   4.8370611981590539E-002
   4.4298207132815279E-002
   2.0063972569686690E-016
  -4.4298207132814946E-002
 
