 #E =    1.4769659355864722     
 -0.15334077972811450     
  0.20286834358809736     
 -0.14628885316035731     
   6.1954334762960750E-002
   5.4784411153543412E-002
  -1.6966059470961364E-016
  -5.4784411153542989E-002
  -6.1954334762958287E-002
  0.14628885316035345     
 -0.20286834358809372     
  0.15334077972811319     
   5.6392511693302824E-002
   2.3610764606596911E-002
   6.2075972997717270E-002
  -4.8759025477198979E-002
  0.15622829984485631     
 -0.14286904383790794     
   7.0186591624386557E-016
  0.14286904383790563     
 -0.15622829984485445     
   4.8759025477199527E-002
  -6.2075972997715174E-002
  -2.3610764606597619E-002
  -5.6392511693302790E-002
 -0.10690058339976750     
  0.10149600848247489     
  -6.6535836665411741E-002
  -6.5300817229633934E-002
  -3.9115807730335940E-002
  -3.3154767054566513E-002
   9.6562118771766396E-016
   3.3154767054564258E-002
   3.9115807730334157E-002
   6.5300817229637209E-002
   6.6535836665409312E-002
 -0.10149600848247635     
  0.10690058339976831     
   2.3530272938568676E-002
 -0.13624942006779253     
  0.20209872700987536     
  -9.6942698121548224E-002
   8.8084269272233784E-002
  -1.3593518760681821E-015
  -8.8084269272231661E-002
   9.6942698121549098E-002
 -0.20209872700987516     
  0.13624942006778867     
  -2.3530272938564498E-002
  -2.4393247764902433E-002
  0.17227741607487496     
 -0.14700193345273954     
  0.14178213022171832     
  -7.2927017908973299E-016
 -0.14178213022171601     
  0.14700193345273616     
 -0.17227741607487354     
   2.4393247764904456E-002
  -8.3052693795805141E-002
  -4.9611416479777126E-002
  -6.2405443159622598E-002
  -1.9242018967599381E-015
   6.2405443159624666E-002
   4.9611416479774843E-002
   8.3052693795805169E-002
  0.21873250911225198     
 -0.27344904848437734     
   7.7848738880303357E-016
  0.27344904848437790     
 -0.21873250911225078     
  0.18514242061770642     
   1.4469079335780994E-015
 -0.18514242061770936     
 
