 #E =   -1.1492914008804926     
  0.14658845502381332     
  0.21947860339723677     
  0.10565641653789108     
   2.8121907596694775E-002
  -7.3336149960654032E-002
  -1.8065924933642401E-015
   7.3336149960651853E-002
  -2.8121907596698612E-002
 -0.10565641653789326     
 -0.21947860339724259     
 -0.14658845502381762     
  -1.0397530713939566E-002
  -5.1005752570011442E-002
 -0.19481139713402573     
 -0.12617050001908550     
  -5.5851690120592490E-002
 -0.11240651412015483     
   1.1679046059667057E-015
  0.11240651412015974     
   5.5851690120598249E-002
  0.12617050001909244     
  0.19481139713403017     
   5.1005752570011789E-002
   1.0397530713940275E-002
   3.9055959930089666E-002
   5.5284209614724730E-002
  -4.6718810930553606E-002
   8.5833659857454392E-002
  0.17438714695900157     
  0.17043967868720133     
  -3.3896639103185657E-015
 -0.17043967868720630     
 -0.17438714695900706     
  -8.5833659857461109E-002
   4.6718810930551004E-002
  -5.5284209614725188E-002
  -3.9055959930089548E-002
   7.1200517715141506E-002
   2.6545933133526604E-002
  -2.9020448848174975E-002
 -0.14573254530188051     
   2.1497710125036137E-002
   4.7492244196010418E-015
  -2.1497710125030021E-002
  0.14573254530188381     
   2.9020448848174299E-002
  -2.6545933133524015E-002
  -7.1200517715139869E-002
  -1.1671056188255570E-002
  -3.9959377649881729E-002
 -0.15996642242073894     
   1.8438892339900580E-003
  -1.1269657359409364E-015
  -1.8438892339954713E-003
  0.15996642242073816     
   3.9959377649882298E-002
   1.1671056188258533E-002
  0.12571250949144941     
  0.18443968379151202     
  0.16208558846154070     
   1.1401083984122076E-015
 -0.16208558846154439     
 -0.18443968379151310     
 -0.12571250949144991     
  -7.5823155390287889E-002
 -0.27158258426919529     
   5.0040858883537037E-015
  0.27158258426919973     
   7.5823155390290609E-002
 -0.23630437333920473     
  -6.4619181998199333E-015
  0.23630437333919732     
 
