 #E =   -1.6917439450317839     
 -0.15328185444302189     
  -4.4738019618834682E-002
   7.7596580640144477E-002
   7.0199536467471499E-002
   4.1163060122738349E-002
   4.8663463810367631E-002
   4.1163060122724325E-002
   7.0199536467458315E-002
   7.7596580640135998E-002
  -4.4738019618833086E-002
 -0.15328185444301007     
 -0.21104241639673602     
 -0.21457562951839174     
   1.3172488506353911E-003
  0.10581202860449793     
  0.10009302921240994     
  -4.9225642556216552E-002
 -0.22453327206992627     
  -4.9225642556227758E-002
  0.10009302921240404     
  0.10581202860449541     
   1.3172488506446585E-003
 -0.21457562951837253     
 -0.21104241639672472     
 -0.14245410056566296     
  -2.9953445680172840E-002
  0.11099204868105600     
  0.21640632313238728     
  0.11274539006170241     
 -0.12576302137766551     
 -0.28140151837002803     
 -0.12576302137765344     
  0.11274539006170640     
  0.21640632313238792     
  0.11099204868105519     
  -2.9953445680184085E-002
 -0.14245410056566279     
  -1.9211508477663723E-002
  -2.5475074618414983E-003
  0.14236664808304925     
   2.6989099198423638E-002
  -4.4102701616242586E-002
   2.4163443760420046E-002
  -4.4102701616226300E-002
   2.6989099198439188E-002
  0.14236664808304711     
  -2.5475074618613613E-003
  -1.9211508477682104E-002
 -0.12746486992887918     
 -0.21309041444460342     
  -5.2605301316011717E-002
   9.7106615268244517E-002
  0.12908376290527568     
   9.7106615268253843E-002
  -5.2605301315999074E-002
 -0.21309041444460730     
 -0.12746486992889275     
 -0.18042424713608116     
  -9.2141213184780080E-002
   8.7801066813320047E-002
  0.14357152106530077     
   8.7801066813322823E-002
  -9.2141213184784590E-002
 -0.18042424713608615     
  -6.3256159170473156E-002
  -1.4872011077834851E-002
   6.7284117814583336E-002
  -1.4872011077839403E-002
  -6.3256159170478568E-002
  -2.9187593335482521E-002
  -3.4505923217517914E-002
  -2.9187593335485339E-002
 
