 #E =   -1.0000000000000013     
   2.7450313648416942E-016
   6.9052793320838024E-002
   6.9052793320838260E-002
  0.15536672986677094     
   8.6313936545932599E-002
 -0.13810558664167605     
 -0.22441952318760841     
 -0.15536672986677177     
   6.9052793320837136E-002
   6.9052793320838565E-002
   7.1374402443978797E-016
   9.8041902881047957E-002
  -6.9052793320837622E-002
 -0.16709469620188502     
 -0.15536672986677078     
  -5.7324826985723679E-002
   6.9052793320837053E-002
   4.0063683760628126E-002
   6.9052793320838884E-002
  0.25340863274781922     
  0.15536672986677036     
 -0.16709469620188599     
  -6.9052793320836858E-002
   9.8041902881048540E-002
  0.16709469620188575     
   6.9052793320838399E-002
   5.7324826985724185E-002
  0.15536672986677127     
   2.8989109560210159E-002
  -6.9052793320837955E-002
  -9.8041902881048373E-002
  -6.9052793320838732E-002
   2.8989109560210113E-002
 -0.15536672986677064     
 -0.25340863274781916     
   6.9052793320837594E-002
  0.16709469620188575     
 -0.15536672986677116     
 -0.22441952318760974     
   6.9052793320837136E-002
  0.13810558664167552     
   1.5744631588747919E-016
  -6.9052793320837719E-002
  -5.4738076288184949E-016
  0.13810558664167599     
   6.9052793320837927E-002
   8.6313936545933639E-002
  0.15536672986677141     
 -0.13810558664167602     
   8.6313936545934167E-002
   6.9052793320838052E-002
 -0.15536672986677191     
  -6.9052793320836955E-002
  0.15536672986677239     
   6.9052793320838385E-002
 -0.22441952318760913     
 -0.13810558664167583     
  0.15536672986677164     
   6.9052793320837080E-002
 -0.15536672986677313     
  -6.9052793320838524E-002
  0.15536672986677086     
   6.9052793320837386E-002
 -0.15536672986677164     
   6.9052793320837913E-002
   8.6247173597886740E-016
  -6.9052793320836303E-002
   1.1377829196548402E-015
   6.9052793320838288E-002
  -9.6049466750287353E-016
  -2.2183384047763421E-015
  -1.0206297045931985E-015
 
