 #E =   0.99999999999999856     
  -2.5409381184906384E-016
   7.8774420524478972E-002
  -7.8774420524478486E-002
 -0.15328607347050102     
  0.23206049399497908     
 -0.15754884104895742     
  -7.4511652946021883E-002
  0.15328607347050074     
  -7.8774420524478750E-002
   7.8774420524478347E-002
   7.2547538613846182E-016
  -6.7483623718153293E-002
  -7.8774420524478431E-002
  0.14625804424263203     
  0.15328607347050072     
 -0.22076969718865433     
   7.8774420524478736E-002
  -9.0065217330803651E-002
   7.8774420524477751E-002
   8.5802449752347770E-002
 -0.15328607347050013     
  0.14625804424263134     
  -7.8774420524478958E-002
  -6.7483623718152974E-002
  0.14625804424263206     
  -7.8774420524478694E-002
 -0.22076969718865386     
  0.15328607347050061     
  -1.1290796806325163E-002
   7.8774420524479055E-002
  -6.7483623718153238E-002
   7.8774420524477543E-002
  -1.1290796806325240E-002
 -0.15328607347050013     
   8.5802449752347673E-002
  -7.8774420524478903E-002
  0.14625804424263192     
  0.15328607347050077     
  -7.4511652946022022E-002
   7.8774420524478320E-002
 -0.15754884104895719     
  -5.4481561725326092E-016
   7.8774420524478792E-002
   1.3420195632862095E-015
 -0.15754884104895714     
   7.8774420524477487E-002
  0.23206049399498013     
 -0.15328607347050069     
 -0.15754884104895672     
  0.23206049399497969     
   7.8774420524479222E-002
 -0.15328607347050116     
  -7.8774420524479027E-002
  0.15328607347050138     
   7.8774420524478000E-002
  -7.4511652946022855E-002
 -0.15754884104895689     
 -0.15328607347050113     
  -7.8774420524477709E-002
  0.15328607347050136     
   7.8774420524477626E-002
 -0.15328607347050041     
  -7.8774420524479041E-002
  0.15328607347050188     
   7.8774420524477654E-002
   2.1244389535809682E-016
  -7.8774420524479069E-002
   1.0949580276465186E-015
   7.8774420524477695E-002
   1.2630609544386216E-015
  -1.2385624248250367E-015
   1.1037143056097188E-016
 
