 #E =    2.1774531180322487     
   8.2875723709912363E-002
 -0.10968268576188535     
  0.15595318239645603     
 -0.13939427158005271     
  0.14757130889136458     
 -0.13554487825182368     
  0.14757130889137079     
 -0.13939427158006001     
  0.15595318239646480     
 -0.10968268576188983     
   8.2875723709913487E-002
   2.6609869719840834E-002
  -7.0775317239442609E-002
   4.4624341772993084E-002
  -9.0503785934277478E-002
  -3.5097732931330134E-003
  -4.6390456845725014E-002
  -4.3048490692566256E-002
  -4.6390456845731620E-002
  -3.5097732931255415E-003
  -9.0503785934284639E-002
   4.4624341772991433E-002
  -7.0775317239440430E-002
   2.6609869719836518E-002
   1.2833573447543626E-002
  -5.4554374238690549E-002
   6.4111691039979726E-002
 -0.12967016909162704     
  0.14453660958072148     
 -0.18154174881659205     
  0.18651698397656732     
 -0.18154174881659027     
  0.14453660958071915     
 -0.12967016909163137     
   6.4111691039987581E-002
  -5.4554374238701041E-002
   1.2833573447550557E-002
   4.1844327800812542E-002
  -3.6559687803152073E-002
   7.3702413383631468E-002
   5.7463070660898254E-003
   6.4245053456427184E-002
   3.5904849783656892E-002
   6.4245053456425297E-002
   5.7463070660913572E-003
   7.3702413383634605E-002
  -3.6559687803157229E-002
   4.1844327800819731E-002
  -3.5939734983184500E-002
  0.11481677580353945     
 -0.15045978107828653     
  0.20705603657773511     
 -0.20667123402675552     
  0.20705603657773905     
 -0.15045978107829089     
  0.11481677580354376     
  -3.5939734983183848E-002
  -6.3608630414355716E-002
   2.3688034825960380E-002
  -9.3723797348545662E-002
  -2.6664896633281830E-002
  -9.3723797348550242E-002
   2.3688034825966205E-002
  -6.3608630414360504E-002
  0.10575284247105785     
 -0.25395989140533826     
  0.24550915701324369     
 -0.25395989140533576     
  0.10575284247105392     
  0.20172375791138436     
 -0.18528413423998785     
  0.20172375791138303     
 
