 #E =    1.7083122056959117     
 -0.14873531193236575     
   3.0919873903872231E-002
   9.5914513943802626E-002
 -0.16093315552815579     
  0.17900955994610412     
  -2.1857575114429488E-015
 -0.17900955994609993     
  0.16093315552815296     
  -9.5914513943801794E-002
  -3.0919873903869254E-002
  0.14873531193236122     
 -0.12591973020916616     
  0.22316647488817698     
 -0.10658297081207095     
  -3.3838653249305232E-002
   6.8475441238368240E-002
 -0.14487106066402666     
  -1.9342218839017697E-015
  0.14487106066402633     
  -6.8475441238366908E-002
   3.3838653249304053E-002
  0.10658297081207052     
 -0.22316647488817179     
  0.12591973020916244     
  -8.0562628339224066E-003
  0.13968234234065036     
  -7.2508316812796752E-003
  -2.0712687266002318E-002
   6.1732281855414399E-002
 -0.15322076455143077     
   4.3998619791054066E-015
  0.15322076455142505     
  -6.1732281855414732E-002
   2.0712687266006544E-002
   7.2508316812763341E-003
 -0.13968234234064766     
   8.0562628339231074E-003
 -0.22331395582552560     
  0.24180761409833304     
  -1.9097713704861040E-002
 -0.18847006940943112     
  0.20001662039385001     
   1.7208192011219949E-015
 -0.20001662039384879     
  0.18847006940943176     
   1.9097713704857192E-002
 -0.24180761409833193     
  0.22331395582552349     
 -0.17067122906400217     
   4.9752129672824386E-002
  0.14104681329149740     
 -0.10223405298377110     
  -4.0881904065672676E-015
  0.10223405298377533     
 -0.14104681329149538     
  -4.9752129672833170E-002
  0.17067122906400597     
  -5.5367754606946949E-002
   4.4833281324199455E-002
   3.3600867258445126E-002
   2.0095440985817527E-015
  -3.3600867258446285E-002
  -4.4833281324205991E-002
   5.5367754606956109E-002
  -5.4822354359026916E-002
   4.8820415772312734E-002
  -1.7267458876683282E-015
  -4.8820415772311831E-002
   5.4822354359030268E-002
  -2.8578157791962700E-002
   1.0327328500999215E-015
   2.8578157791961011E-002
 
