 #E =   -2.1405336228646443     
  -6.5476512535372622E-002
 -0.12735511173001901     
 -0.20713138616641649     
 -0.15677214887136728     
 -0.12844466962148623     
  -2.9552486108066133E-015
  0.12844466962147971     
  0.15677214887136151     
  0.20713138616641091     
  0.12735511173001482     
   6.5476512535369472E-002
   4.7317420896628173E-002
  -1.2799564859864604E-002
  -9.2388073018322501E-003
 -0.15924443583838949     
 -0.12449787569793590     
 -0.11816798513116192     
   2.5127944729501569E-016
  0.11816798513115898     
  0.12449787569793515     
  0.15924443583838596     
   9.2388073018308328E-003
   1.2799564859861877E-002
  -4.7317420896629291E-002
  0.11408409523633507     
  0.19688342079083909     
  0.15226802303351433     
  0.13829020950135879     
   1.0920532062896997E-002
   9.5834322567791286E-003
   3.3280715946358036E-015
  -9.5834322567722469E-003
  -1.0920532062892063E-002
 -0.13829020950135440     
 -0.15226802303351192     
 -0.19688342079083715     
 -0.11408409523633464     
  0.15508346371754947     
  0.13507794764688438     
  0.13282628805424312     
   1.0950978432169202E-002
   9.5931269051808630E-003
  -9.2232193424094346E-016
  -9.5931269051785506E-003
  -1.0950978432169011E-002
 -0.13282628805424090     
 -0.13507794764688266     
 -0.15508346371754789     
   1.2291368739127961E-003
 -0.13244693884117137     
 -0.11897847742210084     
 -0.13318147091024657     
  -3.8881326860213215E-015
  0.13318147091023932     
  0.11897847742209575     
  0.13244693884116743     
  -1.2291368739136407E-003
 -0.16575778528683593     
 -0.22236317381687948     
 -0.16610093900384779     
   6.7559332945947309E-016
  0.16610093900384468     
  0.22236317381687834     
  0.16575778528683360     
 -0.14411712575124133     
  -8.6124379484264726E-002
   5.0617673383803359E-015
   8.6124379484274358E-002
  0.14411712575124530     
  -4.0235004283185480E-002
   3.2785078557107590E-015
   4.0235004283193279E-002
 
