 #E =  -0.86734383072370613     
 -0.15645002193454974     
 -0.19703420932683188     
  -1.4446383966601011E-002
   5.5485744315781453E-002
   6.2571601992007078E-002
   6.1446342741374477E-016
  -6.2571601992006315E-002
  -5.5485744315781217E-002
   1.4446383966600550E-002
  0.19703420932683144     
  0.15645002193454996     
   1.9676481318366114E-002
   6.1338247985312018E-002
  0.18997489159364508     
  0.12901848300135338     
  -6.3625122346488899E-002
  -1.2146513495154706E-003
  -1.5137384486261135E-016
   1.2146513495149679E-003
   6.3625122346488608E-002
 -0.12901848300135360     
 -0.18997489159364431     
  -6.1338247985311192E-002
  -1.9676481318366072E-002
  -4.4271973303476556E-002
  -5.8075504237101068E-002
  -2.5583180770512377E-002
 -0.15408880136813699     
 -0.18298868899810625     
   5.8999813219899951E-002
   9.0682239531410107E-017
  -5.8999813219899735E-002
  0.18298868899810630     
  0.15408880136813741     
   2.5583180770512508E-002
   5.8075504237100367E-002
   4.4271973303475688E-002
   1.9483723757770754E-002
   7.4974591837928470E-002
   7.4923898518354640E-002
  0.14409899068387205     
  0.23416181300823707     
   3.0977480070672202E-016
 -0.23416181300823760     
 -0.14409899068387327     
  -7.4923898518354168E-002
  -7.4974591837927790E-002
  -1.9483723757770934E-002
  -2.9378872584470205E-002
 -0.10045617572768632     
 -0.18410234094342262     
 -0.20332284459525590     
   6.0402458509997665E-016
  0.20332284459525604     
  0.18410234094342115     
  0.10045617572768600     
   2.9378872584470479E-002
  0.12635116925238765     
  0.21004608288347135     
   7.7515260385318972E-003
  -3.4523317899525307E-016
  -7.7515260385317740E-003
 -0.21004608288347057     
 -0.12635116925238701     
   4.8079478865739704E-002
 -0.16834464350486122     
  -6.6811136128163862E-016
  0.16834464350486067     
  -4.8079478865739579E-002
 -0.19409216684506234     
   4.1810727419947426E-016
  0.19409216684506261     
 
