 #E =    1.5046298978100683     
  -9.9753894761440101E-002
  0.16458739759137789     
 -0.14788922445729979     
  0.14954431919195849     
  -7.7119629246573479E-002
  0.10250976583519576     
  -7.7119629246571841E-002
  0.14954431919195857     
 -0.14788922445730082     
  0.16458739759138113     
  -9.9753894761443890E-002
   4.6273790007003296E-003
  -1.4494705110315552E-002
  0.11693568242966131     
  -9.1613168100939488E-002
  0.16879745378541128     
 -0.13601758515473261     
  0.11297830071289952     
 -0.13601758515473517     
  0.16879745378541311     
  -9.1613168100941403E-002
  0.11693568242966339     
  -1.4494705110314313E-002
   4.6273790006998647E-003
   7.5322123173636206E-003
  -1.5960570850058624E-002
  -6.9837050693237201E-002
   4.1038028683196342E-003
  -2.6346942384071120E-002
 -0.13325885942677859     
  0.10204464125306281     
 -0.13325885942678178     
  -2.6346942384069358E-002
   4.1038028683186810E-003
  -6.9837050693238950E-002
  -1.5960570850056938E-002
   7.5322123173630958E-003
   8.6319590462987830E-002
 -0.11391846572727397     
   9.0009288586916356E-002
  -2.5616003829534252E-002
  0.12480756517260895     
  -2.8914330775273160E-002
  0.12480756517261141     
  -2.5616003829534665E-002
   9.0009288586917299E-002
 -0.11391846572727481     
   8.6319590462987872E-002
  -4.9237496039963103E-003
  0.12132688659077716     
 -0.17627424853519127     
  0.16951662179880825     
 -0.20610976378557469     
  0.16951662179881080     
 -0.17627424853519369     
  0.12132688659077893     
  -4.9237496039964282E-003
  -1.3540628335069955E-003
 -0.11928952316796855     
  0.12732423498651696     
 -0.24180294930734750     
  0.12732423498651635     
 -0.11928952316797070     
  -1.3540628335073439E-003
   5.3516410901021945E-002
   3.8767131302802210E-002
  0.10917547693345411     
   3.8767131302795875E-002
   5.3516410901027496E-002
 -0.22102207264500112     
  0.29378928727481574     
 -0.22102207264499732     
 
