 #E =   0.57602562305940952     
  0.19792368820243422     
 -0.19020189431199383     
  -8.8362523524288597E-002
  0.23919130353196846     
  -4.9417796123105914E-002
   7.6661119231900418E-016
   4.9417796123105651E-002
 -0.23919130353196899     
   8.8362523524289388E-002
  0.19020189431199486     
 -0.19792368820243608     
 -0.15827416816670287     
   7.6192778496969982E-002
  -8.3538512742076410E-002
   1.9096684482055718E-003
  0.17080101830865038     
 -0.21072538672993396     
   9.4153895427830459E-016
  0.21072538672993407     
 -0.17080101830865105     
  -1.9096684482057368E-003
   8.3538512742076632E-002
  -7.6192778496970315E-002
  0.15827416816670439     
   1.4977197835464468E-002
  0.14964691845184555     
  -2.9982123093465027E-002
  -4.8837934574211830E-002
  0.11042995529130646     
 -0.18557356753553628     
   1.9527966081099595E-016
  0.18557356753553567     
 -0.11042995529130566     
   4.8837934574212719E-002
   2.9982123093464902E-002
 -0.14964691845184608     
  -1.4977197835465215E-002
  -7.1195534182144304E-002
 -0.10863646651552827     
  -5.2315930505795923E-002
  0.18760971755527395     
  -3.5348254282911839E-003
   5.5472166539860458E-016
   3.5348254282916189E-003
 -0.18760971755527447     
   5.2315930505795041E-002
  0.10863646651552829     
   7.1195534182145623E-002
  0.18608885299952049     
   1.4445190220685278E-003
  -5.2217248512689239E-002
 -0.15897576346837253     
  -4.3835680850040083E-016
  0.15897576346837231     
   5.2217248512689780E-002
  -1.4445190220682461E-003
 -0.18608885299952069     
 -0.13470368445653938     
   7.6148254745407346E-002
  0.14379136171590456     
   3.6324478547408644E-018
 -0.14379136171590429     
  -7.6148254745408192E-002
  0.13470368445653952     
  -5.2951023143974811E-002
  -4.5647108647266378E-002
  -1.7807194825950842E-016
   4.5647108647266441E-002
   5.2951023143974929E-002
   7.9244927343376875E-002
  -2.6271513011546300E-016
  -7.9244927343376889E-002
 
