 #E =   0.99999999999999967     
   4.2865943585355657E-016
 -0.10179581262449351     
  0.10179581262449328     
 -0.11117439432372686     
   9.3785816992338605E-003
  0.20359162524898661     
 -0.21297020694821919     
  0.11117439432372711     
  0.10179581262449169     
 -0.10179581262449335     
   1.3597122389145212E-015
  -7.6355769287688197E-002
  0.10179581262449322     
  -2.5440043336805478E-002
  0.11117439432372707     
 -0.18753016361141517     
 -0.10179581262449261     
  0.27994739453667500     
 -0.10179581262449428     
   3.4818625036039434E-002
 -0.11117439432372576     
  -2.5440043336805170E-002
  0.10179581262449219     
  -7.6355769287687794E-002
  -2.5440043336805197E-002
  0.10179581262449289     
 -0.18753016361141500     
  0.11117439432372739     
  0.17815158191218086     
 -0.10179581262449332     
  -7.6355769287687211E-002
 -0.10179581262449396     
  0.17815158191218053     
 -0.11117439432372642     
   3.4818625036039080E-002
  0.10179581262449254     
  -2.5440043336804434E-002
  0.11117439432372664     
 -0.21297020694821991     
 -0.10179581262449321     
  0.20359162524898575     
  -4.9410302310225771E-017
 -0.10179581262449246     
   1.2319272454899810E-016
  0.20359162524898614     
 -0.10179581262449332     
   9.3785816992343844E-003
 -0.11117439432372707     
  0.20359162524898625     
   9.3785816992344295E-003
 -0.10179581262449279     
 -0.11117439432372740     
  0.10179581262449221     
  0.11117439432372717     
 -0.10179581262449261     
 -0.21297020694822036     
  0.20359162524898650     
 -0.11117439432372822     
  0.10179581262449375     
  0.11117439432372764     
 -0.10179581262449375     
 -0.11117439432372700     
  0.10179581262449346     
  0.11117439432372662     
 -0.10179581262449335     
   3.3067383270786361E-017
  0.10179581262449319     
   2.8318892207879587E-016
 -0.10179581262449346     
   3.0869268283080715E-016
  -1.0455867147378447E-016
  -1.2357908094270204E-016
 
