 #E =   -2.0806805494651996     
 -0.13806574426164728     
  -6.1633182220074696E-002
   9.8267808146940746E-003
   4.7768095991900579E-002
   8.9563367400639859E-002
   8.7199643861990786E-015
  -8.9563367400622318E-002
  -4.7768095991895757E-002
  -9.8267808147020196E-003
   6.1633182220063913E-002
  0.13806574426163348     
 -0.19419127195606023     
 -0.22563752641257126     
 -0.13722259621836971     
   3.4311477933165344E-002
  0.19878704016261667     
  0.13858466050320783     
   5.4658769017135883E-015
 -0.13858466050319357     
 -0.19878704016261611     
  -3.4311477933175939E-002
  0.13722259621835445     
  0.22563752641255264     
  0.19419127195604957     
 -0.17841247602230945     
 -0.17702809668548589     
  -9.4190338419272560E-002
  0.11827068780733076     
  0.24071618951574097     
  0.18379576549683424     
  -2.9477586719198329E-015
 -0.18379576549684559     
 -0.24071618951574369     
 -0.11827068780732504     
   9.4190338419269742E-002
  0.17702809668549044     
  0.17841247602230695     
  -9.5736103040753015E-002
  -2.2168150793005079E-002
   9.9557668596115492E-002
  0.11104516758371413     
  0.14170408482759084     
  -1.3531814470659914E-014
 -0.14170408482760782     
 -0.11104516758371061     
  -9.9557668596098256E-002
   2.2168150793031624E-002
   9.5736103040768072E-002
  -4.9946405727980044E-002
  -8.1754364120899828E-002
  -1.0212233120168501E-002
  -5.0539198282553627E-002
  -1.0478773604709596E-014
   5.0539198282545418E-002
   1.0212233120176059E-002
   8.1754364120919923E-002
   4.9946405728002394E-002
 -0.10994607641210367     
 -0.14700829855977871     
  -9.4943693731895290E-002
  -2.5689876961776557E-015
   9.4943693731891446E-002
  0.14700829855978439     
  0.10994607641211585     
 -0.10098753727930604     
  -6.3114505995665107E-002
  -9.0072356506998253E-016
   6.3114505995665982E-002
  0.10098753727930945     
  -3.0333587734977886E-002
   2.1471585508193758E-016
   3.0333587734978608E-002
 
