 #E =  -0.99999999999999689     
  -2.9965130127001459E-016
  -7.3362619051130312E-002
  -7.3362619051129799E-002
   5.6402714331095873E-004
   7.3926646194441142E-002
  0.14672523810225929     
   7.2798591907818816E-002
  -5.6402714330944107E-004
  -7.3362619051128106E-002
  -7.3362619051129591E-002
  -1.4473940930637483E-015
  0.21991360844637720     
   7.3362619051129813E-002
 -0.14655098939524680     
  -5.6402714331102661E-004
  0.21934958130306628     
  -7.3362619051129549E-002
 -0.36663884654863677     
  -7.3362619051131200E-002
  0.22047763558968689     
   5.6402714331129397E-004
 -0.14655098939524724     
   7.3362619051128050E-002
  0.21991360844637653     
  0.14655098939524769     
  -7.3362619051130201E-002
 -0.21934958130306650     
   5.6402714331079372E-004
  0.29327622749750637     
   7.3362619051129743E-002
 -0.21991360844637589     
   7.3362619051130729E-002
  0.29327622749750692     
  -5.6402714331125429E-004
 -0.22047763558968680     
  -7.3362619051128286E-002
  0.14655098939524810     
  -5.6402714331120376E-004
   7.2798591907818663E-002
  -7.3362619051129188E-002
 -0.14672523810225899     
  -1.2081053007083812E-015
   7.3362619051127870E-002
   8.0903681579072430E-016
 -0.14672523810225807     
  -7.3362619051130992E-002
   7.3926646194438894E-002
   5.6402714331096632E-004
  0.14672523810225954     
   7.3926646194440754E-002
  -7.3362619051128272E-002
  -5.6402714331042574E-004
   7.3362619051128411E-002
   5.6402714331080738E-004
  -7.3362619051128022E-002
   7.2798591907819704E-002
  0.14672523810225929     
   5.6402714331000247E-004
  -7.3362619051130520E-002
  -5.6402714331021584E-004
   7.3362619051130340E-002
   5.6402714331024793E-004
  -7.3362619051130964E-002
  -5.6402714331073973E-004
  -7.3362619051130576E-002
   1.4966591719907690E-016
   7.3362619051130964E-002
   4.6335719711414093E-016
  -7.3362619051130354E-002
  -2.7131094661064383E-016
  -4.9032988959559563E-016
  -5.2057667412296999E-017
 
