 #E =    1.8568508934326511     
   9.2813019866953075E-002
 -0.15362488289090434     
  0.19244548118250965     
 -0.14967091151298417     
   8.5471084581254589E-002
  -9.2060256301192356E-002
   8.5471084581254408E-002
 -0.14967091151298301     
  0.19244548118250737     
 -0.15362488289090243     
   9.2813019866951729E-002
  -3.6239737566987160E-002
  -1.8715055971230785E-002
  -2.1822213899144609E-002
  -5.4046769266930555E-002
  -7.0266475482916813E-002
   8.3024108046816730E-002
 -0.16936799830151755     
   8.3024108046815911E-002
  -7.0266475482915494E-002
  -5.4046769266929320E-002
  -2.1822213899145272E-002
  -1.8715055971228699E-002
  -3.6239737566988339E-002
   8.6006845050255257E-002
 -0.12346214950590338     
  0.11328242261346606     
  -6.5064204234981632E-002
  0.10149702899893158     
  -5.3134169259527013E-002
  0.14844290287144032     
  -5.3134169259525542E-002
  0.10149702899892814     
  -6.5064204234978856E-002
  0.11328242261346452     
 -0.12346214950590267     
   8.6006845050255729E-002
   2.9961534951431071E-002
   6.7828046562725369E-002
  -9.3964925848187580E-002
  0.17171501418479529     
 -0.15127770220901662     
  0.16231929157798236     
 -0.15127770220901676     
  0.17171501418479429     
  -9.3964925848187775E-002
   6.7828046562725217E-002
   2.9961534951430675E-002
  -6.1943177963031344E-002
   4.7191198779986773E-002
  -7.3606549447633604E-002
  -8.2229825860450051E-002
   1.1526828301020523E-003
  -8.2229825860451328E-002
  -7.3606549447630190E-002
   4.7191198779984650E-002
  -6.1943177963030137E-002
   4.7922707793888047E-002
 -0.13617652156277896     
  0.22514239223331872     
 -0.19964950474477261     
  0.22514239223331756     
 -0.13617652156277676     
   4.7922707793887805E-002
  -2.0205604298810933E-002
  0.17369531595737248     
  -7.9565423207920025E-002
  0.17369531595737395     
  -2.0205604298812910E-002
 -0.22275527511378312     
  0.23992801565449193     
 -0.22275527511378371     
 
