 #E =   0.86734383072370536     
 -0.15645002193454749     
  0.19703420932682814     
  -1.4446383966600066E-002
  -5.5485744315780711E-002
   6.2571601992005246E-002
   2.4709617178597755E-016
  -6.2571601992005954E-002
   5.5485744315781453E-002
   1.4446383966599894E-002
 -0.19703420932683566     
  0.15645002193455401     
   1.9676481318365580E-002
  -6.1338247985309825E-002
  0.18997489159364139     
 -0.12901848300135091     
  -6.3625122346488608E-002
   1.2146513495155515E-003
   1.1394305760125994E-015
  -1.2146513495171138E-003
   6.3625122346488330E-002
  0.12901848300135749     
 -0.18997489159364753     
   6.1338247985311803E-002
  -1.9676481318367696E-002
   4.4271973303475737E-002
  -5.8075504237099777E-002
   2.5583180770511384E-002
 -0.15408880136813388     
  0.18298868899810336     
   5.8999813219899479E-002
   3.7808170905449094E-017
  -5.8999813219900304E-002
 -0.18298868899810866     
  0.15408880136814043     
  -2.5583180770514132E-002
   5.8075504237101401E-002
  -4.4271973303475327E-002
  -1.9483723757770424E-002
   7.4974591837926402E-002
  -7.4923898518353668E-002
  0.14409899068386994     
 -0.23416181300823424     
   3.4967278938153035E-016
  0.23416181300824035     
 -0.14409899068387502     
   7.4923898518355667E-002
  -7.4974591837929760E-002
   1.9483723757771503E-002
   2.9378872584470365E-002
 -0.10045617572768475     
  0.18410234094342021     
 -0.20332284459525257     
  -6.2477533008664714E-015
  0.20332284459525848     
 -0.18410234094342390     
  0.10045617572768797     
  -2.9378872584470066E-002
 -0.12635116925238699     
  0.21004608288346935     
  -7.7515260385271796E-003
  -5.9197709866775034E-015
   7.7515260385379982E-003
 -0.21004608288347268     
  0.12635116925238737     
  -4.8079478865743527E-002
 -0.16834464350485584     
  -5.1730994197754536E-015
  0.16834464350486664     
   4.8079478865735457E-002
  0.19409216684506636     
  -9.1757478283788092E-015
 -0.19409216684505834     
 
