 #E =   -1.0000000000000064     
   8.3314414466092846E-016
  -8.0723630537873223E-002
  -8.0723630537874305E-002
  0.13239156993764331     
  0.21311520047551716     
  0.16144726107574695     
  -5.1667939399769949E-002
 -0.13239156993764356     
  -8.0723630537873958E-002
  -8.0723630537873542E-002
   3.7219259526267916E-016
 -0.11599293740624196     
   8.0723630537874180E-002
  0.19671656794411535     
 -0.13239156993764395     
 -0.24838450734388468     
  -8.0723630537873348E-002
  -4.5454323669505504E-002
  -8.0723630537873250E-002
   1.6398632531402248E-002
  0.13239156993764353     
  0.19671656794411543     
   8.0723630537874347E-002
 -0.11599293740624106     
 -0.19671656794411604     
  -8.0723630537873667E-002
  0.24838450734388534     
  0.13239156993764359     
  -3.5269306868367635E-002
   8.0723630537873681E-002
  0.11599293740624099     
   8.0723630537872779E-002
  -3.5269306868368343E-002
 -0.13239156993764364     
  -1.6398632531402099E-002
  -8.0723630537874569E-002
 -0.19671656794411538     
 -0.13239156993764314     
  -5.1667939399769380E-002
  -8.0723630537874347E-002
 -0.16144726107574794     
   5.1407975100008039E-016
   8.0723630537874722E-002
   4.9798503498389633E-016
 -0.16144726107574711     
  -8.0723630537873153E-002
  0.21311520047551749     
  0.13239156993764339     
  0.16144726107574753     
  0.21311520047551707     
  -8.0723630537873944E-002
 -0.13239156993764348     
   8.0723630537873681E-002
  0.13239156993764320     
  -8.0723630537874860E-002
  -5.1667939399770192E-002
  0.16144726107574792     
  0.13239156993764334     
  -8.0723630537873917E-002
 -0.13239156993764320     
   8.0723630537874277E-002
  0.13239156993764406     
  -8.0723630537873570E-002
 -0.13239156993764387     
  -8.0723630537874055E-002
  -3.5020652708021751E-017
   8.0723630537873417E-002
  -7.1933612208697617E-016
  -8.0723630537874208E-002
   7.4736503192871971E-016
   6.5326450875380001E-016
   1.6198804191198111E-017
 
