 #E =   -2.1344748140753671E-015
   3.1496598674629187E-016
 -0.23183717801396519     
  -7.2185908655418800E-017
  0.31438137860763832     
   9.7376212227196487E-017
 -0.20157390520411633     
  -2.1862235858547587E-016
   2.4011035620647849E-002
   2.3824226972919854E-017
   5.8987112567682236E-002
   2.6765195304668013E-016
  -2.4953253470079829E-016
  0.23183717801396472     
  -1.4445940609588894E-016
  -8.2544200593673719E-002
   2.9991027297587415E-016
 -0.11280747340352303     
   1.7248570705167939E-017
  0.17756286958346859     
  -3.5768035691126625E-017
  -8.2998148188330095E-002
  -2.1658194577283651E-016
  -5.8987112567682264E-002
  -9.5761891333135962E-017
 -0.23183717801396470     
   4.2727391313816015E-016
 -0.14929297742029166     
  -3.6286830424399883E-016
  0.19535167399719580     
   1.5093478454401884E-016
  -6.4755396179945482E-002
  -4.2972997522376824E-017
  -9.4564721395138454E-002
  -5.1379035191161832E-017
  0.14198526075601250     
   1.2013741915993942E-016
   5.8987112567682125E-002
  0.38113015543425660     
   7.1997191699019713E-017
  -4.6058696576904548E-002
   5.7286470460224568E-017
 -0.13059627781725050     
  -1.5790058307586785E-016
  0.15932011757508416     
   1.3148821441972811E-016
  -4.7420539360874148E-002
   1.3652891758609137E-018
 -0.20097237332369486     
 -0.33507145885735201     
   7.1201716258750504E-017
  0.17665497439415551     
   3.3861810892799996E-017
  -2.8723839757833259E-002
  -3.3367212031148816E-016
 -0.11189957821420968     
   1.6704688002691223E-016
  0.24839291268456876     
  0.15841648446319634     
  -9.0874933596771113E-017
 -0.14793113463632213     
   1.6202622350426633E-016
  0.14062341797204281     
   5.8150525786539736E-018
 -0.13649333447035908     
  -1.0485349826874353E-002
   4.2267915043489483E-017
   7.3077166642790273E-003
  -2.7693657523634607E-016
  -4.1300835016839102E-003
   3.1776331625951236E-003
   2.6386077134425963E-016
  -3.1776331625951808E-003
 
