 #E =    2.6777534388265503     
   7.9311238361866973E-002
  -7.5266916412717766E-002
  0.12223500589215786     
  -6.6846016194448896E-002
   5.6762143844382704E-002
  -3.3634661895931517E-016
  -5.6762143844381878E-002
   6.6846016194448007E-002
 -0.12223500589215634     
   7.5266916412716822E-002
  -7.9311238361866404E-002
   8.5387811819170253E-002
 -0.13710902484836426     
  0.20244511260082398     
 -0.18520227476554241     
  0.17124590963894770     
  -8.5149009680013474E-002
   2.0968470015869629E-016
   8.5149009680012405E-002
 -0.17124590963894665     
  0.18520227476554019     
 -0.20244511260082163     
  0.13710902484836232     
  -8.5387811819169004E-002
  -9.1538481884293241E-002
  0.15972967283145809     
 -0.21978679682657787     
  0.22636006557875693     
 -0.18820303897511803     
  0.10635535959552400     
   4.0566779536260701E-016
 -0.10635535959552422     
  0.18820303897511736     
 -0.22636006557875579     
  0.21978679682657520     
 -0.15972967283145620     
   9.1538481884292117E-002
 -0.11639140199620406     
  0.15193780411372046     
 -0.19814660821482374     
  0.15228989184658265     
  -9.6590390919430447E-002
  -1.6822480908285065E-015
   9.6590390919432362E-002
 -0.15228989184658431     
  0.19814660821482366     
 -0.15193780411371993     
  0.11639140199620346     
  -9.2313967242241307E-002
   9.5256239120912675E-002
 -0.11305778245645579     
   5.5194734791382087E-002
   2.0812954766753739E-015
  -5.5194734791386299E-002
  0.11305778245645830     
  -9.5256239120914271E-002
   9.2313967242241571E-002
  -4.9700972177010680E-002
   3.7830710039100678E-002
  -3.4740108436289455E-002
  -2.0567857313136234E-015
   3.4740108436293535E-002
  -3.7830710039103932E-002
   4.9700972177012435E-002
  -1.6860233287152360E-002
   7.3168376249891347E-003
   1.9999125511031807E-015
  -7.3168376249919606E-003
   1.6860233287154514E-002
  -2.7324538244997824E-003
  -4.2361049428429485E-016
   2.7324538245009737E-003
 
