 #E =    1.0854825917482926     
  0.12122378688029943     
   5.5271554376187838E-002
 -0.18122009697452060     
  -2.0240372135581896E-002
  0.20319066857820187     
  -1.8717164438768492E-015
 -0.20319066857819998     
   2.0240372135566478E-002
  0.18122009697453595     
  -5.5271554376175654E-002
 -0.12122378688032764     
   9.0140714000565725E-002
 -0.18685786474055799     
  -8.5335415737317431E-003
  0.16168007830017381     
   1.4252728120912486E-002
 -0.20031956141175028     
  -6.7837134445637379E-015
  0.20031956141176804     
  -1.4252728120920133E-002
 -0.16168007830018560     
   8.5335415737373254E-003
  0.18685786474057567     
  -9.0140714000561228E-002
   8.9011688885182183E-002
 -0.18676135274754524     
   3.4440797264629681E-002
  0.15791000844458902     
   2.3168394851404268E-002
 -0.19731162585545184     
  -1.0124982500499383E-014
  0.19731162585546885     
  -2.3168394851401784E-002
 -0.15791000844460124     
  -3.4440797264642387E-002
  0.18676135274756531     
  -8.9011688885204832E-002
   7.9273711069010516E-002
  0.10071111939885061     
 -0.22901775734546162     
  -1.0026339043706077E-002
  0.19100994016425102     
  -1.9853565016628542E-014
 -0.19100994016425168     
   1.0026339043729453E-002
  0.22901775734548455     
 -0.10071111939888570     
  -7.9273711068997124E-002
   4.0423879373515541E-002
 -0.14459053674973404     
   4.8891233672120130E-002
  0.10154629275325580     
   2.1850973579520964E-014
 -0.10154629275326008     
  -4.8891233672168029E-002
  0.14459053674976732     
  -4.0423879373513293E-002
   6.7635397527742391E-002
   7.1173490147394075E-002
 -0.15911796671237707     
   1.9415560150317725E-014
  0.15911796671238554     
  -7.1173490147439150E-002
  -6.7635397527732108E-002
   1.4224984635669340E-002
  -8.6614463337299982E-002
  -2.9383502213000570E-014
   8.6614463337312431E-002
  -1.4224984635639495E-002
   7.9793507510619865E-002
  -1.4770120500604384E-014
  -7.9793507510604308E-002
 
