 #E =    1.0000000000000011     
  -5.0429903029992180E-017
  -9.9433329330936536E-003
   9.9433329330937213E-003
  -7.6225326456601294E-002
   6.6281993523507499E-002
   1.9886665866187564E-002
  -8.6168659389695063E-002
   7.6225326456601156E-002
   9.9433329330942486E-003
  -9.9433329330939190E-003
  -9.4914877621079605E-017
  0.24707150474088191     
   9.9433329330940283E-003
 -0.25701483767397576     
   7.6225326456601170E-002
  0.17084617828428089     
  -9.9433329330940005E-003
 -0.22718483887469429     
  -9.9433329330936501E-003
  0.32329683119748270     
  -7.6225326456601419E-002
 -0.25701483767397559     
   9.9433329330940751E-003
  0.24707150474088133     
 -0.25701483767397598     
   9.9433329330939398E-003
  0.17084617828428086     
   7.6225326456600573E-002
 -0.23712817180778764     
  -9.9433329330936848E-003
  0.24707150474088163     
  -9.9433329330934055E-003
 -0.23712817180778772     
  -7.6225326456601253E-002
  0.32329683119748298     
   9.9433329330937542E-003
 -0.25701483767397559     
   7.6225326456600712E-002
  -8.6168659389694438E-002
  -9.9433329330936415E-003
   1.9886665866187366E-002
  -3.2880247439595992E-017
  -9.9433329330936154E-003
  -2.0684639306961877E-016
   1.9886665866187012E-002
  -9.9433329330936814E-003
   6.6281993523507721E-002
  -7.6225326456601281E-002
   1.9886665866187436E-002
   6.6281993523506944E-002
  -9.9433329330938010E-003
  -7.6225326456600490E-002
   9.9433329330937004E-003
   7.6225326456600684E-002
  -9.9433329330931314E-003
  -8.6168659389694688E-002
   1.9886665866187026E-002
  -7.6225326456600809E-002
   9.9433329330935304E-003
   7.6225326456600739E-002
  -9.9433329330935790E-003
  -7.6225326456601183E-002
   9.9433329330939069E-003
   7.6225326456601003E-002
  -9.9433329330936952E-003
   1.2648604076616238E-016
   9.9433329330940040E-003
  -5.7681980193581231E-016
  -9.9433329330935495E-003
  -4.5658457183331835E-016
   5.7681980193581231E-016
   0.0000000000000000     
 
