 #E =   -2.1774531180322478     
   8.2875723709911642E-002
  0.10968268576188517     
  0.15595318239645650     
  0.13939427158005344     
  0.14757130889136491     
  0.13554487825182338     
  0.14757130889136932     
  0.13939427158005926     
  0.15595318239646444     
  0.10968268576189009     
   8.2875723709914736E-002
   2.6609869719839505E-002
   7.0775317239441443E-002
   4.4624341772992224E-002
   9.0503785934277894E-002
  -3.5097732931319062E-003
   4.6390456845725701E-002
  -4.3048490692567380E-002
   4.6390456845729289E-002
  -3.5097732931281254E-003
   9.0503785934283834E-002
   4.4624341772993036E-002
   7.0775317239442762E-002
   2.6609869719838194E-002
  -1.2833573447545198E-002
  -5.4554374238692478E-002
  -6.4111691039980948E-002
 -0.12967016909162640     
 -0.14453660958071998     
 -0.18154174881659035     
 -0.18651698397656777     
 -0.18154174881659130     
 -0.14453660958072120     
 -0.12967016909163204     
  -6.4111691039986471E-002
  -5.4554374238699695E-002
  -1.2833573447549148E-002
  -4.1844327800813395E-002
  -3.6559687803152358E-002
  -7.3702413383630136E-002
   5.7463070660918767E-003
  -6.4245053456424298E-002
   3.5904849783659029E-002
  -6.4245053456424894E-002
   5.7463070660914110E-003
  -7.3702413383635160E-002
  -3.6559687803157499E-002
  -4.1844327800819127E-002
   3.5939734983183598E-002
  0.11481677580353823     
  0.15045978107828684     
  0.20705603657773494     
  0.20667123402675663     
  0.20705603657774013     
  0.15045978107829158     
  0.11481677580354376     
   3.5939734983183744E-002
   6.3608630414354134E-002
   2.3688034825958795E-002
   9.3723797348544968E-002
  -2.6664896633281834E-002
   9.3723797348551435E-002
   2.3688034825967253E-002
   6.3608630414360864E-002
 -0.10575284247105846     
 -0.25395989140533859     
 -0.24550915701324330     
 -0.25395989140533548     
 -0.10575284247105327     
 -0.20172375791138403     
 -0.18528413423998766     
 -0.20172375791138283     
 
