 #E =    1.3128831359745405     
 -0.11847507162165520     
  -2.9570583696976609E-002
  0.15729779227833920     
  -8.9600981639122598E-002
  -3.9662174517570738E-002
   5.2414461559799564E-016
   3.9662174517570210E-002
   8.9600981639122293E-002
 -0.15729779227833784     
   2.9570583696978524E-002
  0.11847507162165090     
 -0.22826839137612992     
  0.18511450726242470     
  0.10370974818871141     
  -8.7342053472157788E-002
 -0.14633763140206871     
  0.14167278169932035     
  -1.2964477248925743E-015
 -0.14167278169931982     
  0.14633763140207101     
   8.7342053472155151E-002
 -0.10370974818871126     
 -0.18511450726242015     
  0.22826839137612809     
  0.11457521425133285     
   7.7844524784885349E-002
 -0.23393123322339185     
  0.12557009810312092     
  0.13779348019907187     
 -0.16013920310165605     
   8.8074006626720701E-016
  0.16013920310165550     
 -0.13779348019907253     
 -0.12557009810312253     
  0.23393123322338927     
  -7.7844524784880909E-002
 -0.11457521425133418     
   1.7155255154030359E-002
 -0.10036736996995174     
  -6.8721111157936610E-002
   6.5020059791517940E-002
   7.2450578961492540E-002
   2.5637581423788491E-015
  -7.2450578961494039E-002
  -6.5020059791521423E-002
   6.8721111157940717E-002
  0.10036736996995128     
  -1.7155255154033044E-002
  0.18333648343957323     
 -0.14033200734673953     
  -8.9093207803896082E-002
  0.19228091761083166     
  -1.8743115815483778E-015
 -0.19228091761083221     
   8.9093207803898192E-002
  0.14033200734674092     
 -0.18333648343957379     
   8.9996250247312864E-002
   2.2177448096097865E-002
 -0.16334916629707302     
  -2.0195200349066763E-015
  0.16334916629707497     
  -2.2177448096095835E-002
  -8.9996250247315696E-002
   4.4236518445442956E-002
  -8.0254827157346484E-002
   1.0524027028523903E-015
   8.0254827157347094E-002
  -4.4236518445445024E-002
   6.1128690709987624E-002
   4.6753882481073069E-016
  -6.1128690709988789E-002
 
