 #E =   -1.4769659355864713     
 -0.15334077972811638     
 -0.20286834358809888     
 -0.14628885316035836     
  -6.1954334762964074E-002
   5.4784411153539332E-002
  -2.8182953500704359E-015
  -5.4784411153543829E-002
   6.1954334762958661E-002
  0.14628885316035437     
  0.20286834358809300     
  0.15334077972811100     
   5.6392511693302019E-002
  -2.3610764606597615E-002
   6.2075972997718810E-002
   4.8759025477202261E-002
  0.15622829984486028     
  0.14286904383790838     
   1.9119070984328825E-015
 -0.14286904383790361     
 -0.15622829984485195     
  -4.8759025477196676E-002
  -6.2075972997714689E-002
   2.3610764606595402E-002
  -5.6392511693304094E-002
  0.10690058339976674     
  0.10149600848247439     
   6.6535836665411713E-002
  -6.5300817229634475E-002
   3.9115807730337196E-002
  -3.3154767054567560E-002
  -1.7751890986033420E-015
   3.3154767054562675E-002
  -3.9115807730335427E-002
   6.5300817229634642E-002
  -6.6535836665408785E-002
 -0.10149600848247355     
 -0.10690058339976764     
  -2.3530272938568606E-002
 -0.13624942006779256     
 -0.20209872700987741     
  -9.6942698121551346E-002
  -8.8084269272236310E-002
  -3.4508021685977709E-016
   8.8084269272230509E-002
   9.6942698121548210E-002
  0.20209872700987272     
  0.13624942006778873     
   2.3530272938566729E-002
   2.4393247764904362E-002
  0.17227741607487712     
  0.14700193345273979     
  0.14178213022172051     
   5.0394860471605039E-015
 -0.14178213022171277     
 -0.14700193345273377     
 -0.17227741607487249     
  -2.4393247764903942E-002
   8.3052693795806973E-002
  -4.9611416479776335E-002
   6.2405443159621460E-002
  -5.4514184982010043E-015
  -6.2405443159626178E-002
   4.9611416479772602E-002
  -8.3052693795806487E-002
 -0.21873250911225164     
 -0.27344904848437701     
  -3.2326298806702311E-015
  0.27344904848437779     
  0.21873250911224981     
 -0.18514242061770317     
   6.4346244854624054E-015
  0.18514242061771297     
 
