 #E =   0.69227448352820320     
 -0.17925877747184785     
   2.9113550014622055E-002
  0.15910420967180247     
   4.3960445982475036E-003
 -0.16214747917562139     
   7.4592835835656102E-016
  0.16214747917562020     
  -4.3960445982430783E-003
 -0.15910420967180544     
  -2.9113550014627294E-002
  0.17925877747185376     
  0.26064384814657976     
   9.4982727577598666E-002
 -0.14713918935261408     
 -0.14365337919057916     
   8.7482548567051094E-002
  0.10785451780345523     
   4.2352344510535296E-016
 -0.10785451780345974     
  -8.7482548567047652E-002
  0.14365337919058180     
  0.14713918935261178     
  -9.4982727577596640E-002
 -0.26064384814658481     
 -0.27541981293807510     
  -6.9977739391439767E-002
  0.15053135792881986     
  0.11290791067908086     
  -2.4763074739862317E-002
 -0.18324761447002302     
   4.0263536711885607E-015
  0.18324761447001919     
   2.4763074739861633E-002
 -0.11290791067907992     
 -0.15053135792882302     
   6.9977739391443139E-002
  0.27541981293807694     
  0.17333225840493593     
  -5.0015760274613866E-002
 -0.20393154874056688     
   7.8284457175015018E-002
  0.15162072240486851     
   4.3353647766996365E-015
 -0.15162072240487398     
  -7.8284457175016336E-002
  0.20393154874056990     
   5.0015760274611187E-002
 -0.17333225840493621     
   6.5223924948009562E-002
   4.8629013175485736E-003
  -1.8835058234210095E-003
  -8.1843455471433013E-002
   2.0521312455637952E-015
   8.1843455471427420E-002
   1.8835058234241996E-003
  -4.8629013175450165E-003
  -6.5223924948010409E-002
  -6.6706881622643099E-002
   4.1316570705543489E-002
   5.8541641690068515E-002
   4.4837335691348729E-015
  -5.8541641690070888E-002
  -4.1316570705544536E-002
   6.6706881622639061E-002
  -2.0437167713762222E-002
  -2.7168440981719978E-002
  -1.3964208197142655E-015
   2.7168440981715985E-002
   2.0437167713769414E-002
   3.9245186162650540E-002
   2.4983712772077288E-015
  -3.9245186162652150E-002
 
