 #E =    2.1405336228646443     
   6.5476512535370707E-002
 -0.12735511173001862     
  0.20713138616641724     
 -0.15677214887136773     
  0.12844466962148732     
  -3.0533634933929674E-015
 -0.12844466962148027     
  0.15677214887136182     
 -0.20713138616641130     
  0.12735511173001421     
  -6.5476512535368667E-002
  -4.7317420896630914E-002
  -1.2799564859861600E-002
   9.2388073018307270E-003
 -0.15924443583838988     
  0.12449787569793756     
 -0.11816798513116350     
   1.4765030519358391E-016
  0.11816798513116034     
 -0.12449787569793826     
  0.15924443583838777     
  -9.2388073018303957E-003
   1.2799564859860288E-002
   4.7317420896631462E-002
  0.11408409523633740     
 -0.19688342079084153     
  0.15226802303351594     
 -0.13829020950135806     
   1.0920532062894305E-002
  -9.5834322567765733E-003
   2.5616446160862527E-015
   9.5834322567707551E-003
  -1.0920532062889073E-002
  0.13829020950135218     
 -0.15226802303351264     
  0.19688342079083937     
 -0.11408409523633703     
  0.15508346371755069     
 -0.13507794764688452     
  0.13282628805424251     
  -1.0950978432167911E-002
   9.5931269051792254E-003
   4.1702602394585870E-016
  -9.5931269051767933E-003
   1.0950978432166915E-002
 -0.13282628805423866     
  0.13507794764688300     
 -0.15508346371754886     
   1.2291368739133729E-003
  0.13244693884117051     
 -0.11897847742210105     
  0.13318147091024671     
  -4.0457184621402570E-015
 -0.13318147091023871     
  0.11897847742209657     
 -0.13244693884116635     
  -1.2291368739146644E-003
 -0.16575778528683455     
  0.22236317381687737     
 -0.16610093900384740     
  -2.2109080375870485E-016
  0.16610093900384326     
 -0.22236317381687548     
  0.16575778528683205     
 -0.14411712575123939     
   8.6124379484262534E-002
   4.5781183920080942E-015
  -8.6124379484272887E-002
  0.14411712575124333     
  -4.0235004283183544E-002
  -4.3095565091725421E-015
   4.0235004283192759E-002
 
