 #E =   -1.7695357349419376     
  -4.1697388440486462E-002
  -9.4802750723383178E-002
 -0.12605946673533297     
   5.2068977534946548E-002
  0.21819738316530948     
  0.24661540183303102     
  0.21819738316530435     
   5.2068977534939519E-002
 -0.12605946673534016     
  -9.4802750723388035E-002
  -4.1697388440488287E-002
  0.13001221073760405     
   2.1017731824187463E-002
  -5.1123194766791127E-002
 -0.18033295792745979     
 -0.14192295173829633     
   8.7423687413856047E-002
   7.8424907532198274E-002
   8.7423687413853979E-002
 -0.14192295173829425     
 -0.18033295792746087     
  -5.1123194766788636E-002
   2.1017731824188961E-002
  0.13001221073760552     
  0.20904352105480439     
  0.23989776992695994     
   6.8850906079038807E-002
  -6.6940436470178000E-002
 -0.15822846419575179     
  -7.1127533470889015E-002
  -3.6071698439968693E-002
  -7.1127533470883506E-002
 -0.15822846419574454     
  -6.6940436470172685E-002
   6.8850906079043095E-002
  0.23989776992695944     
  0.20904352105480517     
  0.14661324948479162     
   1.9539614252336541E-002
  -2.9075936329877084E-002
  -4.0500861447728053E-003
   6.8437450420703941E-002
  0.19628013374341424     
   6.8437450420706050E-002
  -4.0500861447739650E-003
  -2.9075936329879429E-002
   1.9539614252327989E-002
  0.14661324948478635     
  -8.2961267488424584E-002
 -0.16634254168918083     
  -4.6528286253594821E-002
   8.8059162622609918E-002
  0.21044980987674419     
   8.8059162622610820E-002
  -4.6528286253597562E-002
 -0.16634254168918594     
  -8.2961267488432272E-002
 -0.16485951801805510     
 -0.12538226668907215     
  -8.0976885733777884E-003
   2.2993954765439091E-002
  -8.0976885733729433E-003
 -0.12538226668906396     
 -0.16485951801805393     
  -4.8911194842900269E-002
   3.8832159575852183E-002
   5.6884001791833644E-002
   3.8832159575859046E-002
  -4.8911194842892157E-002
   6.0742087085504826E-002
   6.8653134136903174E-002
   6.0742087085508219E-002
 
