 #E =   -1.3851613621710537     
  -3.6196508718699366E-002
  -3.4319715804392256E-003
   3.1442674289405177E-002
  0.19352101492399909     
  0.23661515835144598     
   1.2470097505904549E-014
 -0.23661515835142952     
 -0.19352101492399884     
  -3.1442674289421872E-002
   3.4319715804262685E-003
   3.6196508718697756E-002
  0.15523349709414078     
  -4.6706033742191108E-002
 -0.18373238169538231     
 -0.14653586579454650     
  -5.0686112064911269E-002
  0.13422916012839711     
  -7.4319409960687689E-015
 -0.13422916012839947     
   5.0686112064906384E-002
  0.14653586579453612     
  0.18373238169539005     
   4.6706033742200864E-002
 -0.15523349709413370     
  0.26172947603168756     
  0.20730406044622743     
  -6.1257096567370002E-002
 -0.10842264207474701     
  -5.7901738364837349E-002
   7.8905503354148115E-002
  -7.6571141833589330E-015
  -7.8905503354151099E-002
   5.7901738364843726E-002
  0.10842264207476353     
   6.1257096567381562E-002
 -0.20730406044623559     
 -0.26172947603168795     
   8.6677195286969502E-002
  -8.7242158553361995E-002
  -3.1024019654234382E-002
  0.15269152730382834     
  0.16719859287366917     
  -1.6095812070754562E-015
 -0.16719859287366468     
 -0.15269152730381622     
   3.1024019654238965E-002
   8.7242158553339985E-002
  -8.6677195286991637E-002
 -0.17649764281325314     
 -0.15723555678582340     
   7.5327830732714054E-002
  0.10888523010911225     
  -6.1987602799225691E-015
 -0.10888523010911906     
  -7.5327830732707241E-002
  0.15723555678582773     
  0.17649764281324007     
 -0.11662680593863677     
  -4.3113885937973466E-003
   7.5495782925538532E-002
  -5.5698922289098548E-015
  -7.5495782925542529E-002
   4.3113885938098487E-003
  0.11662680593864853     
   3.5159054115665118E-002
   5.3012351885297800E-002
  -3.7769818378563034E-015
  -5.3012351885297404E-002
  -3.5159054115655716E-002
   3.8271607433668899E-002
  -8.3914843701773474E-016
  -3.8271607433670092E-002
 
