 #E =   -1.7083122056959126     
  0.14873531193235534     
   3.0919873903867325E-002
  -9.5914513943800489E-002
 -0.16093315552815152     
 -0.17900955994609935     
   4.0631879160218731E-015
  0.17900955994610612     
  0.16093315552815804     
   9.5914513943805152E-002
  -3.0919873903872745E-002
 -0.14873531193236925     
  0.12591973020915584     
  0.22316647488816443     
  0.10658297081207058     
  -3.3838653249301479E-002
  -6.8475441238363188E-002
 -0.14487106066402786     
  -8.7120120777818736E-015
  0.14487106066402514     
   6.8475441238369669E-002
   3.3838653249307973E-002
 -0.10658297081207128     
 -0.22316647488818253     
 -0.12591973020917174     
  -8.0562628339268683E-003
 -0.13968234234064741     
  -7.2508316812716703E-003
   2.0712687266013705E-002
   6.1732281855420117E-002
  0.15322076455142367     
  -1.1881785491163981E-014
 -0.15322076455143527     
  -6.1732281855413386E-002
  -2.0712687265997745E-002
   7.2508316812819338E-003
  0.13968234234064925     
   8.0562628339184896E-003
 -0.22331395582552430     
 -0.24180761409833404     
  -1.9097713704854462E-002
  0.18847006940943140     
  0.20001662039384838     
   2.3509867254766729E-015
 -0.20001662039385115     
 -0.18847006940942870     
   1.9097713704865349E-002
  0.24180761409833396     
  0.22331395582552563     
 -0.17067122906401139     
  -4.9752129672839880E-002
  0.14104681329149280     
  0.10223405298377790     
   6.6356322386841560E-015
 -0.10223405298376849     
 -0.14104681329149735     
   4.9752129672820340E-002
  0.17067122906399981     
  -5.5367754606960015E-002
  -4.4833281324205471E-002
   3.3600867258450753E-002
   6.8335796683556748E-015
  -3.3600867258443273E-002
   4.4833281324195062E-002
   5.5367754606941835E-002
  -5.4822354359029109E-002
  -4.8820415772310624E-002
   3.7551804179817352E-015
   4.8820415772309694E-002
   5.4822354359022628E-002
  -2.8578157791961933E-002
  -1.4931843253628495E-015
   2.8578157791959661E-002
 
