 #E =    2.4613937550782801     
  -5.6175373238982459E-002
   7.5644249871630057E-002
 -0.13001491100262952     
  0.12070796459312511     
 -0.16709491923509989     
  0.13577260354248791     
 -0.16709491923509903     
  0.12070796459312544     
 -0.13001491100262955     
   7.5644249871629973E-002
  -5.6175373238982355E-002
  -2.5810126541650279E-002
   6.2625463007993348E-002
  -7.2160423776128080E-002
  0.12366567554417575     
 -0.10221458672321453     
  0.15480582257497058     
 -0.11172857897747360     
  0.15480582257497008     
 -0.10221458672321419     
  0.12366567554417611     
  -7.2160423776127094E-002
   6.2625463007992585E-002
  -2.5810126541649360E-002
   9.0342127940408706E-004
   2.3586451046319665E-002
  -8.6759221058067670E-003
   6.9928833220585865E-002
  -2.6881152680718695E-002
   9.8450854840256757E-002
  -3.4603618591016704E-002
   9.8450854840257160E-002
  -2.6881152680719601E-002
   6.9928833220586462E-002
  -8.6759221058070532E-003
   2.3586451046320310E-002
   9.0342127940375898E-004
  -5.0283042483468467E-002
  0.10017991570882534     
 -0.13656531860253557     
  0.16603227343914473     
 -0.18084154801419006     
  0.18063912866141452     
 -0.18084154801419006     
  0.16603227343914481     
 -0.13656531860253501     
  0.10017991570882508     
  -5.0283042483468453E-002
  -5.9733857823966757E-002
   4.6848628905819825E-002
  -9.1263934367834976E-002
   1.1755575771898232E-002
  -8.2940927181607310E-002
   1.1755575771898001E-002
  -9.1263934367834199E-002
   4.6848628905818847E-002
  -5.9733857823965980E-002
   3.5684869569037374E-002
 -0.13468314401383125     
  0.14526976075714298     
 -0.23463851368741317     
  0.14526976075714282     
 -0.13468314401383133     
   3.5684869569037832E-002
  0.15055361926377173     
 -0.23588859424644917     
  0.28699825077676183     
 -0.23588859424644937     
  0.15055361926377167     
  0.14306284273187184     
 -0.11624539343752573     
  0.14306284273187161     
 
