 #E =   -2.4613937550782792     
   5.6175373238987053E-002
   7.5644249871634248E-002
  0.13001491100263410     
  0.12070796459312681     
  0.16709491923509820     
  0.13577260354248602     
  0.16709491923509595     
  0.12070796459312422     
  0.13001491100262991     
   7.5644249871631070E-002
   5.6175373238984090E-002
   2.5810126541654415E-002
   6.2625463007999690E-002
   7.2160423776134811E-002
  0.12366567554418084     
  0.10221458672321451     
  0.15480582257496689     
  0.11172857897746717     
  0.15480582257496464     
  0.10221458672321110     
  0.12366567554417586     
   7.2160423776130120E-002
   6.2625463007995819E-002
   2.5810126541652267E-002
   9.0342127940810587E-004
  -2.3586451046314426E-002
  -8.6759221058005671E-003
  -6.9928833220583755E-002
  -2.6881152680720062E-002
  -9.8450854840261268E-002
  -3.4603618591023226E-002
  -9.8450854840260907E-002
  -2.6881152680721547E-002
  -6.9928833220583422E-002
  -8.6759221058027684E-003
  -2.3586451046315186E-002
   9.0342127940704303E-004
  -5.0283042483465490E-002
 -0.10017991570882337     
 -0.13656531860253462     
 -0.16603227343914703     
 -0.18084154801419372     
 -0.18063912866141663     
 -0.18084154801419114     
 -0.16603227343914145     
 -0.13656531860253032     
 -0.10017991570881955     
  -5.0283042483464234E-002
  -5.9733857823966216E-002
  -4.6848628905821171E-002
  -9.1263934367837016E-002
  -1.1755575771900105E-002
  -8.2940927181608087E-002
  -1.1755575771895952E-002
  -9.1263934367830687E-002
  -4.6848628905814794E-002
  -5.9733857823962219E-002
   3.5684869569035708E-002
  0.13468314401382947     
  0.14526976075714110     
  0.23463851368741309     
  0.14526976075714415     
  0.13468314401383313     
   3.5684869569040434E-002
  0.15055361926377103     
  0.23588859424644962     
  0.28699825077676233     
  0.23588859424645092     
  0.15055361926377345     
  0.14306284273187195     
  0.11624539343752642     
  0.14306284273187259     
 
