 #E =    1.1709717426973021     
  0.10960023779914894     
 -0.15980282263500278     
   7.7524351909708494E-002
 -0.11119298663539828     
   5.2679493426461881E-002
  -8.9975686868602259E-002
   5.2679493426452152E-002
 -0.11119298663540018     
   7.7524351909719666E-002
 -0.15980282263502668     
  0.10960023779916531     
  -1.1795456101667013E-002
   3.1464041179294126E-002
 -0.13464828482950025     
  0.18021698381321088     
 -0.15390506267961560     
  0.13948247528200558     
  -6.2104467903549627E-002
  0.13948247528201904     
 -0.15390506267962076     
  0.18021698381322379     
 -0.13464828482952090     
   3.1464041179299254E-002
  -1.1795456101668246E-002
  -1.7651895392015442E-002
   3.2465326810765506E-002
  -5.4011688254502387E-002
  0.16542911874013233     
 -0.13948097963932940     
  0.15180422974087587     
 -0.20624237355371591     
  0.15180422974089655     
 -0.13948097963934988     
  0.16542911874014030     
  -5.4011688254496731E-002
   3.2465326810772417E-002
  -1.7651895392020150E-002
   3.3647603333677695E-002
  -7.1865719523989610E-002
  -2.2015557017986815E-004
  -9.3305603264464812E-002
  0.16796488974455023     
 -0.25518076613254614     
  0.16796488974454660     
  -9.3305603264482256E-002
  -2.2015557017410865E-004
  -7.1865719523986404E-002
   3.3647603333668806E-002
   5.0725279067703896E-002
   1.2467851095273371E-002
  -5.8486509316356440E-002
  0.14932380190764724     
  -3.7120313068036516E-002
  0.14932380190764719     
  -5.8486509316338510E-002
   1.2467851095270955E-002
   5.0725279067703292E-002
  -6.8382710760698309E-003
  -4.4604288962917116E-003
  -7.9247130161591253E-002
  -5.2067222902277055E-002
  -7.9247130161608642E-002
  -4.4604288962715889E-003
  -6.8382710760850028E-003
   9.1308437435529827E-002
 -0.10245917121055739     
  0.21946350706248779     
 -0.10245917121058865     
   9.1308437435538500E-002
 -0.19079515023026922     
  0.32587490077388986     
 -0.19079515023024290     
 
