 #E =    1.3851613621710541     
   3.6196508718714215E-002
  -3.4319715804508179E-003
  -3.1442674289404476E-002
  0.19352101492400989     
 -0.23661515835146152     
   3.3783176735375762E-014
  0.23661515835141403     
 -0.19352101492398813     
   3.1442674289422524E-002
   3.4319715804131965E-003
  -3.6196508718679264E-002
 -0.15523349709413800     
  -4.6706033742199830E-002
  0.18373238169537684     
 -0.14653586579454614     
   5.0686112064916161E-002
  0.13422916012838623     
   3.3263541080476562E-014
 -0.13422916012841063     
  -5.0686112064901603E-002
  0.14653586579453809     
 -0.18373238169539763     
   4.6706033742189533E-002
  0.15523349709413847     
  0.26172947603169217     
 -0.20730406044623700     
  -6.1257096567354535E-002
  0.10842264207474146     
  -5.7901738364833644E-002
  -7.8905503354152473E-002
  -2.1264503584012070E-014
   7.8905503354148893E-002
   5.7901738364846300E-002
 -0.10842264207476972     
   6.1257096567400610E-002
  0.20730406044622307     
 -0.26172947603168267     
   8.6677195286962189E-002
   8.7242158553381952E-002
  -3.1024019654245418E-002
 -0.15269152730382760     
  0.16719859287368535     
  -1.6654462182318309E-014
 -0.16719859287365060     
  0.15269152730381738     
   3.1024019654226499E-002
  -8.7242158553317503E-002
  -8.6677195286999104E-002
 -0.17649764281326194     
  0.15723555678581611     
   7.5327830732708670E-002
 -0.10888523010909783     
  -1.1699603620434454E-014
  0.10888523010913086     
  -7.5327830732710419E-002
 -0.15723555678583648     
  0.17649764281322974     
 -0.11662680593861158     
   4.3113885937713543E-003
   7.5495782925529983E-002
   2.9039796995312008E-014
  -7.5495782925549759E-002
  -4.3113885938355131E-003
  0.11662680593867353     
   3.5159054115684922E-002
  -5.3012351885298778E-002
  -2.0620046295269279E-014
   5.3012351885298292E-002
  -3.5159054115637939E-002
   3.8271607433667580E-002
   3.7361890619887829E-015
  -3.8271607433672680E-002
 
