 #E =   -1.0805205108005871     
  0.14926777065406835     
   5.6777405791343744E-002
  -8.7918619146473156E-002
  -9.0611095194186947E-002
  -9.9885277169506851E-003
  -1.8488363001097317E-002
  -9.9885277168615914E-003
  -9.0611095194177718E-002
  -8.7918619146551913E-002
   5.6777405791318396E-002
  0.14926777065411903     
  -1.8713311255261916E-002
  0.10450948200185553     
  -1.7629820522656676E-002
  -6.1164181866186211E-002
   3.9459286636378356E-002
   9.8306649124418485E-002
   7.6751591807582897E-002
   9.8306649124506026E-002
   3.9459286636384996E-002
  -6.1164181866254948E-002
  -1.7629820522658494E-002
  0.10450948200193588     
  -1.8713311255223838E-002
 -0.12472959863816155     
 -0.11605957837719683     
  -6.2394682812132417E-002
   6.6270664356447587E-002
   5.4941012939338264E-003
  -9.9793461856314145E-002
 -0.11368162906423672     
  -9.9793461856400714E-002
   5.4941012939225238E-003
   6.6270664356514700E-002
  -6.2394682812146544E-002
 -0.11605957837727721     
 -0.12472959863820068     
   6.1719526538864811E-002
  0.18274879271934158     
  0.12850739361972138     
 -0.11016458248015555     
   3.5864539075948715E-004
  0.21034556803729029     
   3.5864539067705878E-004
 -0.11016458248015953     
  0.12850739361981992     
  0.18274879271938482     
   6.1719526538830720E-002
   7.2368986987072018E-003
 -0.17492917524080262     
 -0.24790112994407185     
   1.7231502165746683E-002
  0.22656540983885645     
   1.7231502165789434E-002
 -0.24790112994409283     
 -0.17492917524086365     
   7.2368986986902301E-003
   5.1649669460247190E-002
  0.23073770246867029     
   3.9954711627209288E-002
 -0.20479731921809483     
   3.9954711627277005E-002
  0.23073770246870115     
   5.1649669460218768E-002
  0.15771243904494542     
  -6.0326177272219117E-002
 -0.30119712722661368     
  -6.0326177272256393E-002
  0.15771243904493931     
   7.8301016300843532E-002
  0.14493203140181149     
   7.8301016300809045E-002
 
