 #E =   -2.4130820496382319     
  0.10524662095089198     
   6.4075785618895514E-002
   4.9373507142532309E-002
  -3.3424391995725528E-002
 -0.13002930748748975     
 -0.10777031597990745     
 -0.13002930748746572     
  -3.3424391995694337E-002
   4.9373507142583942E-002
   6.4075785618930417E-002
  0.10524662095092477     
  0.14085767273857244     
  0.18989294618278066     
  0.21212296609712250     
   8.8490930190159481E-002
  -4.7960598041992097E-002
 -0.17257667984931846     
 -0.23845178280107276     
 -0.17257667984929215     
  -4.7960598041952095E-002
   8.8490930190218642E-002
  0.21212296609717518     
  0.18989294618282612     
  0.14085767273859687     
  0.15000817545648487     
  0.22112436275445416     
  0.23348624543204594     
  0.13017413883791987     
  -3.1647108565886914E-002
 -0.15858061039922142     
 -0.23025035708289329     
 -0.15858061039922836     
  -3.1647108565875298E-002
  0.13017413883791495     
  0.23348624543206897     
  0.22112436275446226     
  0.15000817545649828     
  0.15009680961193503     
  0.14107155422807341     
  0.11228174089074035     
  -3.0063962041633523E-004
 -0.12077055872625535     
 -0.13254801736746893     
 -0.12077055872628376     
  -3.0063962047770817E-004
  0.11228174089069408     
  0.14107155422802775     
  0.15009680961191915     
   7.8038684719654847E-002
   4.7242195046303101E-002
   7.7633497640784777E-003
  -2.8207955465125917E-002
  -7.8308123972036583E-002
  -2.8207955465172178E-002
   7.7633497640053123E-003
   4.7242195046233386E-002
   7.8038684719607190E-002
   2.8197258368009015E-002
   2.0800102970550835E-002
   2.4766632180680155E-003
   1.3384244049094267E-002
   2.4766632180304015E-003
   2.0800102970505698E-002
   2.8197258367961615E-002
   1.9518433522785608E-002
   2.6299478600340390E-002
   2.7343952626747995E-002
   2.6299478600328760E-002
   1.9518433522762196E-002
   1.6600413575792221E-002
   1.3758681415974746E-002
   1.6600413575787530E-002
 
