 #E =    2.6922147086503285     
   4.9512547738558982E-002
  -5.8096579646886193E-002
  0.10689591850906302     
  -8.9580223783395793E-002
  0.13427327756478319     
  -9.9749308354457430E-002
  0.13427327756478388     
  -8.9580223783396973E-002
  0.10689591850906481     
  -5.8096579646887317E-002
   4.9512547738560238E-002
   4.0432923260427321E-002
  -7.5201829637614112E-002
  0.11251400086881511     
 -0.14010996067450388     
  0.15779617757844103     
 -0.17216296070074386     
  0.17143019994010775     
 -0.17216296070074597     
  0.15779617757844444     
 -0.14010996067450748     
  0.11251400086881867     
  -7.5201829637616888E-002
   4.0432923260428431E-002
  -3.3652281077838256E-002
   5.0166242836964040E-002
  -8.7600057756002034E-002
   7.3157920263548698E-002
 -0.11254826887023107     
   7.2050007043579001E-002
 -0.11720098438413559     
   7.2050007043580111E-002
 -0.11254826887023418     
   7.3157920263551598E-002
  -8.7600057756005476E-002
   5.0166242836966225E-002
  -3.3652281077839657E-002
  -1.3805958009558415E-002
  -1.2997639616622279E-002
   3.1914976384398914E-003
  -6.8752477531756950E-002
   3.5775164533284214E-002
  -9.9611953672714956E-002
   3.5775164533282930E-002
  -6.8752477531755424E-002
   3.1914976384376796E-003
  -1.2997639616620574E-002
  -1.3805958009559811E-002
   4.5606896924725929E-002
 -0.10978591910002380     
  0.14612976909542386     
 -0.21487431709859497     
  0.19662643776851091     
 -0.21487431709859400     
  0.14612976909542214     
 -0.10978591910002190     
   4.5606896924724312E-002
  0.10383060018362876     
 -0.16974834992233181     
  0.23573159014009629     
 -0.25001738724777112     
  0.23573159014009570     
 -0.16974834992233084     
  0.10383060018362746     
  0.11743681410629911     
 -0.14641676835168180     
  0.20163730708658062     
 -0.14641676835168221     
  0.11743681410629901     
   7.5111256156567316E-002
  -5.5798860258231379E-002
   7.5111256156567482E-002
 
