 #E =    1.3763864107767214     
  0.11470219912004516     
 -0.13228682349341125     
   6.7375587061105219E-002
   7.3478464463782603E-002
 -0.16851034703379561     
  0.24485906823031667     
 -0.16851034703386245     
   7.3478464463837490E-002
   6.7375587061096365E-002
 -0.13228682349341320     
  0.11470219912005671     
  -6.8494241918554922E-003
  -2.5587724661624813E-002
  -7.2634178421233209E-002
  -3.3926483419380371E-002
   5.1954542104005186E-002
  -8.6402180961513544E-002
  0.23547859266668902     
  -8.6402180961476213E-002
   5.1954542104019910E-002
  -3.3926483419421248E-002
  -7.2634178421182874E-002
  -2.5587724661638514E-002
  -6.8494241918980910E-003
   3.5015179040939953E-002
  -4.1344992411007822E-002
  0.15948690421792275     
 -0.10553643683015712     
   4.8819138650813568E-002
  -1.3612104298652136E-002
 -0.15130517305226887     
  -1.3612104298673560E-002
   4.8819138650796817E-002
 -0.10553643683012727     
  0.15948690421790762     
  -4.1344992411066289E-002
   3.5015179041012763E-002
 -0.13759539755068415     
  0.23072942778518993     
  -6.3047125373912327E-002
  -3.8415784351843563E-002
  0.12122154978019513     
 -0.11481980516025866     
  0.12122154978024230     
  -3.8415784351887229E-002
  -6.3047125373921126E-002
  0.23072942778521613     
 -0.13759539755066127     
 -0.11693032604522802     
  -6.9788116008847170E-002
  -5.2994608650768060E-003
  0.11549800627982548     
  -8.4406680049825530E-002
  0.11549800627979220     
  -5.2994608650538625E-003
  -6.9788116008801956E-002
 -0.11693032604527973     
  0.21828520141859153     
 -0.23065666889736192     
  -6.9263745400454019E-002
  0.21049234054622054     
  -6.9263745400431107E-002
 -0.23065666889736028     
  0.21828520141855784     
  0.16845124860721766     
  -1.1973405639842485E-003
 -0.15119130629951888     
  -1.1973405639972075E-003
  0.16845124860722627     
  -1.5611939026359557E-002
   2.2685401285740241E-002
  -1.5611939026350144E-002
 
