 #E =   -2.8666700845580255     
  -3.3254678139403027E-002
  -3.7185566063985397E-002
  -7.3344071673580175E-002
  -5.8821062503595756E-002
  -9.5276508547396124E-002
  -6.6471903453853939E-002
  -9.5276508547396457E-002
  -5.8821062503596429E-002
  -7.3344071673581188E-002
  -3.7185566063985952E-002
  -3.3254678139403367E-002
  -3.3308125124700556E-002
  -5.8144624929847212E-002
 -0.10011865360013633     
 -0.11424662757875156     
 -0.15404466426793248     
 -0.14783335085650764     
 -0.17446827158499351     
 -0.14783335085650823     
 -0.15404466426793309     
 -0.11424662757875206     
 -0.10011865360013694     
  -5.8144624929847621E-002
  -3.3308125124700660E-002
  -3.7338780937847406E-002
  -7.3729841183692163E-002
 -0.11461589667314000     
 -0.15471746742385553     
 -0.17951525230740731     
 -0.20584887181974310     
 -0.20447627314423017     
 -0.20584887181974354     
 -0.17951525230740775     
 -0.15471746742385575     
 -0.11461589667314009     
  -7.3729841183692149E-002
  -3.7338780937847413E-002
  -5.9404452449517475E-002
  -9.6563125542889303E-002
 -0.14939278644200046     
 -0.17697923877530336     
 -0.20610927733404050     
 -0.20801918888832052     
 -0.20610927733404036     
 -0.17697923877530319     
 -0.14939278644200024     
  -9.6563125542889164E-002
  -5.9404452449517330E-002
  -6.8017384373704110E-002
  -9.8420275471092791E-002
 -0.15183902560897278     
 -0.15987287813528658     
 -0.18410383113209283     
 -0.15987287813528633     
 -0.15183902560897267     
  -9.8420275471092458E-002
  -6.8017384373703915E-002
  -6.2282049424264269E-002
  -8.0121812418410335E-002
 -0.12235994034155061     
 -0.11077088997172971     
 -0.12235994034155032     
  -8.0121812418410474E-002
  -6.2282049424264234E-002
  -4.5040813014612255E-002
  -4.8995338834750657E-002
  -7.2823715838726405E-002
  -4.8995338834750678E-002
  -4.5040813014612262E-002
  -2.2588943267024944E-002
  -1.5759709070608120E-002
  -2.2588943267024677E-002
 
