 #E =    1.1492914008804926     
  0.14658845502382054     
 -0.21947860339724870     
  0.10565641653789754     
  -2.8121907596702866E-002
  -7.3336149960650590E-002
  -5.2113097543142005E-015
   7.3336149960657071E-002
   2.8121907596688374E-002
 -0.10565641653788610     
  0.21947860339723152     
 -0.14658845502381149     
  -1.0397530713940634E-002
   5.1005752570014544E-002
 -0.19481139713403600     
  0.12617050001909799     
  -5.5851690120603321E-002
  0.11240651412016581     
  -4.6282433708658780E-015
 -0.11240651412014818     
   5.5851690120585995E-002
 -0.12617050001907951     
  0.19481139713402010     
  -5.1005752570008098E-002
   1.0397530713938802E-002
  -3.9055959930091963E-002
   5.5284209614728089E-002
   4.6718810930549685E-002
   8.5833659857465022E-002
 -0.17438714695901250     
  0.17043967868721394     
  -1.1961294899474932E-014
 -0.17043967868719470     
  0.17438714695899676     
  -8.5833659857448480E-002
  -4.6718810930556132E-002
  -5.5284209614721927E-002
   3.9055959930087224E-002
  -7.1200517715138703E-002
   2.6545933133519887E-002
   2.9020448848176492E-002
 -0.14573254530188592     
  -2.1497710125024362E-002
  -1.6235594377706933E-014
   2.1497710125042892E-002
  0.14573254530187796     
  -2.9020448848173837E-002
  -2.6545933133531215E-002
   7.1200517715143061E-002
   1.1671056188259055E-002
  -3.9959377649878600E-002
  0.15996642242073270     
   1.8438892340001750E-003
   5.3229555470585596E-016
  -1.8438892339849237E-003
 -0.15996642242074377     
   3.9959377649883679E-002
  -1.1671056188253712E-002
 -0.12571250949144985     
  0.18443968379150941     
 -0.16208558846154550     
  -8.2160714568626252E-016
  0.16208558846153792     
 -0.18443968379151443     
  0.12571250949145035     
   7.5823155390296174E-002
 -0.27158258426920279     
   9.3893735081432888E-015
  0.27158258426919291     
  -7.5823155390283725E-002
  0.23630437333919135     
   1.6192147917098834E-014
 -0.23630437333921092     
 
