 #E =   -2.4189883414372146     
 -0.10442503817851520     
 -0.11064115681214132     
 -0.16321463023318228     
  -9.8213110670746812E-002
  -7.4361739455638134E-002
   1.9345433339702488E-014
   7.4361739455684278E-002
   9.8213110670761244E-002
  0.16321463023316998     
  0.11064115681212301     
  0.10442503817848274     
  -7.5548344685627961E-002
 -0.14196179309582188     
 -0.16343053956417228     
 -0.18596002020316571     
 -0.12318995104753142     
  -8.1667070121452842E-002
   3.9447561048205544E-014
   8.1667070121512100E-002
  0.12318995104754947     
  0.18596002020314076     
  0.16343053956410636     
  0.14196179309576337     
   7.5548344685584509E-002
  -4.0788771913592592E-002
  -2.3119219034894042E-002
  -6.7414756541538473E-002
   2.3474248484256513E-002
  -3.0367965041581919E-002
   2.6255949174514986E-002
   3.4948933476719280E-014
  -2.6255949174469127E-002
   3.0367965041590523E-002
  -2.3474248484298885E-002
   6.7414756541465143E-002
   2.3119219034825011E-002
   4.0788771913545907E-002
   5.2278407146589115E-002
  0.14958007643140112     
  0.15456665499053665     
  0.20084061148139876     
   9.3880799988066033E-002
   1.7196996863403269E-014
  -9.3880799988034752E-002
 -0.20084061148140323     
 -0.15456665499057437     
 -0.14958007643144661     
  -5.2278407146636792E-002
  0.15498739886172117     
  0.22533263448478222     
  0.23738364268202108     
  0.14805501812952576     
   1.0209512160088077E-014
 -0.14805501812951843     
 -0.23738364268202591     
 -0.22533263448479710     
 -0.15498739886174634     
  0.15270597422027876     
  0.14406133682188443     
  0.12075972006456774     
   4.5147437679342904E-016
 -0.12075972006456555     
 -0.14406133682188749     
 -0.15270597422028642     
   7.5016999939151591E-002
   3.7403911440519813E-002
  -9.3126871949751560E-016
  -3.7403911440521541E-002
  -7.5016999939153561E-002
   1.5462625759616258E-002
  -8.2693065676988772E-016
  -1.5462625759618041E-002
 
