 #E =  -0.92058432713307026     
 -0.13230170495309890     
 -0.14648921801091597     
  -2.5539732417301721E-003
   6.8857955656362289E-003
   8.8929287192971284E-003
   1.9320182751735030E-002
   8.8929287192966010E-003
   6.8857955656355151E-003
  -2.5539732417303187E-003
 -0.14648921801091636     
 -0.13230170495309881     
   5.1853520677316224E-002
   2.4694341978109335E-002
  0.10318140846969415     
  0.13725227470702570     
   2.5724857730686303E-002
  -1.8019287516074511E-002
  -5.1206060123386729E-002
  -1.8019287516074494E-002
   2.5724857730687115E-002
  0.13725227470702717     
  0.10318140846969488     
   2.4694341978109696E-002
   5.1853520677315607E-002
   2.3041196464098516E-002
  -3.0642156334073231E-002
  -6.6959429196419590E-002
 -0.13418105320762153     
  -9.5551086346353412E-002
   2.0493362945943307E-002
  -1.1100921371674425E-002
   2.0493362945943200E-002
  -9.5551086346353953E-002
 -0.13418105320762275     
  -6.6959429196420076E-002
  -3.0642156334073221E-002
   2.3041196464097927E-002
   1.5709543861611865E-002
   4.5104116199482458E-002
   3.8985540961628172E-002
  0.12496641500221822     
  0.12551787645631313     
  -2.9909988107454759E-002
  0.12551787645631332     
  0.12496641500221842     
   3.8985540961627992E-002
   4.5104116199483422E-002
   1.5709543861613037E-002
  -1.3172942360807476E-002
  -5.7230920479069435E-002
  -4.9461294348892147E-002
 -0.11326878690045417     
 -0.27857041918908587     
 -0.11326878690045299     
  -4.9461294348891890E-002
  -5.7230920479070899E-002
  -1.3172942360807936E-002
   9.9483482892689674E-003
   6.6389213995031962E-002
  0.22375824356404467     
  0.25286790499730594     
  0.22375824356404556     
   6.6389213995031768E-002
   9.9483482892680445E-003
 -0.17258972195880376     
 -0.22527260705456109     
 -0.21473025695259612     
 -0.22527260705456142     
 -0.17258972195880420     
  0.17993754752456442     
  0.39092029316843718     
  0.17993754752456420     
 
