 #E =   -1.0854825917482909     
  0.12122378688034444     
  -5.5271554376170054E-002
 -0.18122009697454564     
   2.0240372135555115E-002
  0.20319066857819831     
  -4.8714541921830384E-015
 -0.20319066857820350     
  -2.0240372135594615E-002
  0.18122009697450828     
   5.5271554376193514E-002
 -0.12122378688028147     
   9.0140714000559216E-002
  0.18685786474058858     
  -8.5335415737381477E-003
 -0.16168007830019235     
   1.4252728120924586E-002
  0.20031956141178059     
   1.7804239527997870E-014
 -0.20031956141173715     
  -1.4252728120908062E-002
  0.16168007830016734     
   8.5335415737321837E-003
 -0.18685786474054394     
  -9.0140714000568070E-002
  -8.9011688885220153E-002
 -0.18676135274758038     
  -3.4440797264649159E-002
  0.15791000844460934     
  -2.3168394851403137E-002
 -0.19731162585548279     
  -2.4486262220320763E-014
  0.19731162585543807     
   2.3168394851402711E-002
 -0.15791000844458192     
   3.4440797264623228E-002
  0.18676135274753100     
   8.9011688885166099E-002
  -7.9273711068990851E-002
  0.10071111939890715     
  0.22901775734550195     
  -1.0026339043739785E-002
 -0.19100994016425094     
   4.5366725512970703E-014
  0.19100994016425185     
   1.0026339043694482E-002
 -0.22901775734544569     
 -0.10071111939882796     
   7.9273711069017677E-002
  -4.0423879373514285E-002
 -0.14459053674978964     
  -4.8891233672196485E-002
  0.10154629275326198     
   4.8584386839155293E-014
 -0.10154629275325509     
   4.8891233672089918E-002
  0.14459053674971276     
   4.0423879373515943E-002
  -6.7635397527727625E-002
   7.1173490147465643E-002
  0.15911796671238984     
  -4.4473688512285127E-014
 -0.15911796671237291     
  -7.1173490147365487E-002
   6.7635397527749413E-002
  -1.4224984635619759E-002
  -8.6614463337318509E-002
  -6.4507386520092093E-014
   8.6614463337292863E-002
   1.4224984635689282E-002
  -7.9793507510595552E-002
   3.0027528044335872E-014
   7.9793507510628053E-002
 
