 #E =   -1.1709717426973014     
  0.10960023779916117     
  0.15980282263501963     
   7.7524351909715725E-002
  0.11119298663539934     
   5.2679493426455483E-002
   8.9975686868601773E-002
   5.2679493426457828E-002
  0.11119298663539885     
   7.7524351909712741E-002
  0.15980282263501108     
  0.10960023779915387     
  -1.1795456101668022E-002
  -3.1464041179297263E-002
 -0.13464828482951427     
 -0.18021698381322082     
 -0.15390506267961968     
 -0.13948247528201393     
  -6.2104467903549260E-002
 -0.13948247528200997     
 -0.15390506267961682     
 -0.18021698381321444     
 -0.13464828482950764     
  -3.1464041179297138E-002
  -1.1795456101667752E-002
   1.7651895392017745E-002
   3.2465326810769427E-002
   5.4011688254499181E-002
  0.16542911874013894     
  0.13948097963934272     
  0.15180422974088875     
  0.20624237355371619     
  0.15180422974088378     
  0.13948097963933645     
  0.16542911874013352     
   5.4011688254500451E-002
   3.2465326810769822E-002
   1.7651895392017915E-002
  -3.3647603333672782E-002
  -7.1865719523987848E-002
   2.2015557017718800E-004
  -9.3305603264475873E-002
 -0.16796488974454910     
 -0.25518076613254720     
 -0.16796488974454815     
  -9.3305603264470502E-002
   2.2015557017641778E-004
  -7.1865719523989013E-002
  -3.3647603333673552E-002
  -5.0725279067703966E-002
   1.2467851095271994E-002
   5.8486509316345074E-002
  0.14932380190764702     
   3.7120313068036308E-002
  0.14932380190764724     
   5.8486509316350944E-002
   1.2467851095272976E-002
  -5.0725279067703959E-002
   6.8382710760797362E-003
  -4.4604288962781773E-003
   7.9247130161602813E-002
  -5.2067222902276833E-002
   7.9247130161597235E-002
  -4.4604288962851414E-003
   6.8382710760748321E-003
  -9.1308437435535295E-002
 -0.10245917121057810     
 -0.21946350706248799     
 -0.10245917121056788     
  -9.1308437435532006E-002
  0.19079515023025093     
  0.32587490077388848     
  0.19079515023025997     
 
