 #E =    2.8666700845580251     
   3.3254678139403450E-002
  -3.7185566063985875E-002
   7.3344071673580813E-002
  -5.8821062503596290E-002
   9.5276508547396152E-002
  -6.6471903453853939E-002
   9.5276508547395916E-002
  -5.8821062503595777E-002
   7.3344071673580494E-002
  -3.7185566063985757E-002
   3.3254678139403339E-002
   3.3308125124701091E-002
  -5.8144624929847295E-002
  0.10011865360013693     
 -0.11424662757875187     
  0.15404466426793237     
 -0.14783335085650773     
  0.17446827158499265     
 -0.14783335085650784     
  0.15404466426793226     
 -0.11424662757875115     
  0.10011865360013625     
  -5.8144624929847406E-002
   3.3308125124700175E-002
  -3.7338780937847718E-002
   7.3729841183692635E-002
 -0.11461589667314059     
  0.15471746742385578     
 -0.17951525230740700     
  0.20584887181974232     
 -0.20447627314422884     
  0.20584887181974204     
 -0.17951525230740681     
  0.15471746742385503     
 -0.11461589667313959     
   7.3729841183691955E-002
  -3.7338780937847073E-002
  -5.9404452449517711E-002
   9.6563125542889580E-002
 -0.14939278644200063     
  0.17697923877530361     
 -0.20610927733404030     
  0.20801918888832094     
 -0.20610927733404005     
  0.17697923877530267     
 -0.14939278644199924     
   9.6563125542888817E-002
  -5.9404452449517052E-002
  -6.8017384373704567E-002
   9.8420275471093513E-002
 -0.15183902560897375     
  0.15987287813528747     
 -0.18410383113209391     
  0.15987287813528711     
 -0.15183902560897292     
   9.8420275471092875E-002
  -6.8017384373703818E-002
  -6.2282049424265386E-002
   8.0121812418411556E-002
 -0.12235994034155158     
  0.11077088997173101     
 -0.12235994034155086     
   8.0121812418410918E-002
  -6.2282049424264643E-002
  -4.5040813014612893E-002
   4.8995338834750553E-002
  -7.2823715838726932E-002
   4.8995338834750893E-002
  -4.5040813014612671E-002
  -2.2588943267024639E-002
   1.5759709070607822E-002
  -2.2588943267024930E-002
 
