 #E =    2.0771365072235963     
  0.13417878907838102     
  -9.6174982103564149E-002
   6.5589777330507512E-002
   5.4827218166748619E-002
 -0.17947339377417318     
  0.17280847277011052     
 -0.17947339377417718     
   5.4827218166750707E-002
   6.5589777330507290E-002
  -9.6174982103566883E-002
  0.13417878907838693     
  0.10118039017275009     
 -0.18253267918619506     
  0.14378611244784742     
  -9.4891157057047829E-002
  -1.2274003242472986E-002
  0.14515504734679224     
 -0.10975945103514566     
  0.14515504734679763     
  -1.2274003242479931E-002
  -9.4891157057047537E-002
  0.14378611244785372     
 -0.18253267918620456     
  0.10118039017275784     
  -2.7632803056751420E-002
  -4.3783286146652743E-002
  -2.1239547153937357E-002
  -5.5885387510854728E-002
  -2.4769110065023248E-002
  0.11960821352082686     
  -6.2324731935667656E-002
  0.11960821352081906     
  -2.4769110065013762E-002
  -5.5885387510859363E-002
  -2.1239547153940715E-002
  -4.3783286146646547E-002
  -2.7632803056757593E-002
  0.13981621227211757     
 -0.24663407266548734     
  0.16209023583809437     
  -3.4164086147445677E-002
 -0.16134874486721304     
  0.24969924098501101     
 -0.16134874486720635     
  -3.4164086147450652E-002
  0.16209023583809781     
 -0.24663407266548584     
  0.13981621227211483     
  0.21038618814850657     
 -0.19036675935338798     
   7.0221979601909790E-002
   7.8670208060197047E-002
 -0.19596191954156889     
   7.8670208060198102E-002
   7.0221979601909998E-002
 -0.19036675935338593     
  0.21038618814850515     
  0.11480957786435481     
  -4.8108406207592734E-002
  -3.7668821253052154E-002
   4.7681481956189514E-002
  -3.7668821253053944E-002
  -4.8108406207588383E-002
  0.11480957786435150     
   2.2786970226830218E-002
   7.7675846042718575E-004
  -2.3703304383618423E-002
   7.7675846042947699E-004
   2.2786970226826825E-002
  -6.9709919865985556E-004
   6.7121173426622118E-004
  -6.9709919866125700E-004
 
