 #E =   0.70753214715370505     
  0.19704445368095980     
 -0.20559442799303881     
  -5.1579786600206817E-002
  0.10331129211211532     
  -2.1516273733101575E-002
   6.0820625097137350E-002
  -2.1516273733106366E-002
  0.10331129211211508     
  -5.1579786600202050E-002
 -0.20559442799303781     
  0.19704445368095372     
 -0.13609122458895542     
   6.6179142595420778E-002
 -0.10777709994933361     
  0.13877749304389719     
   6.1167348919583628E-002
 -0.14890846185612486     
   6.5706448559937763E-002
 -0.14890846185612183     
   6.1167348919586029E-002
  0.13877749304389314     
 -0.10777709994933785     
   6.6179142595423956E-002
 -0.13609122458894701     
   3.0109773746779474E-002
  0.11478759171958461     
 -0.12870087269816724     
   8.4049513030438547E-002
  -3.3146896904545142E-002
 -0.12176436681166693     
  0.25132749908078972     
 -0.12176436681167221     
  -3.3146896904545697E-002
   8.4049513030441933E-002
 -0.12870087269816302     
  0.11478759171958265     
   3.0109773746770586E-002
   1.7375187715427738E-002
 -0.12708109559108019     
  0.10238003718106299     
  -2.9405584971751931E-002
 -0.13202839827917479     
  0.24458428790314754     
 -0.13202839827916996     
  -2.9405584971749887E-002
  0.10238003718105666     
 -0.12708109559108174     
   1.7375187715433747E-002
  -2.9841264470288668E-002
  0.14819474951552519     
   5.0453757771486127E-002
 -0.15448682011180564     
   9.1005550178170871E-002
 -0.15448682011180750     
   5.0453757771486502E-002
  0.14819474951552516     
  -2.9841264470286701E-002
 -0.12546504262282313     
  -5.9424198515868019E-002
  -3.2154916409003101E-002
  0.23666165567608313     
  -3.2154916409002102E-002
  -5.9424198515866132E-002
 -0.12546504262282498     
  0.19966448980064655     
  -8.1844846663132742E-002
 -0.10313589657144434     
  -8.1844846663134269E-002
  0.19966448980064619     
  -3.8620733136170329E-002
  0.10917025690361762     
  -3.8620733136167949E-002
 
