 #E =    1.0805205108005889     
  0.14926777065410698     
  -5.6777405791327812E-002
  -8.7918619146528765E-002
   9.0611095194180535E-002
  -9.9885277168876036E-003
   1.8488363001097442E-002
  -9.9885277169249800E-003
   9.0611095194184546E-002
  -8.7918619146496665E-002
  -5.6777405791334529E-002
  0.14926777065408101     
  -1.8713311255236183E-002
 -0.10450948200191273     
  -1.7629820522659337E-002
   6.1164181866237094E-002
   3.9459286636381645E-002
  -9.8306649124481074E-002
   7.6751591807584230E-002
  -9.8306649124444076E-002
   3.9459286636379522E-002
   6.1164181866204488E-002
  -1.7629820522654167E-002
 -0.10450948200187773     
  -1.8713311255253277E-002
  0.12472959863819054     
 -0.11605957837725382     
   6.2394682812142603E-002
   6.6270664356495937E-002
  -5.4941012939259655E-003
  -9.9793461856374624E-002
  0.11368162906423632     
  -9.9793461856341567E-002
  -5.4941012939276361E-003
   6.6270664356466807E-002
   6.2394682812134401E-002
 -0.11605957837722056     
  0.12472959863817523     
  -6.1719526538842280E-002
  0.18274879271937386     
 -0.12850739361979185     
 -0.11016458248015956     
  -3.5864539070093666E-004
  0.21034556803729085     
  -3.5864539073564468E-004
 -0.11016458248015563     
 -0.12850739361974972     
  0.18274879271935329     
  -6.1719526538853854E-002
  -7.2368986986946857E-003
 -0.17492917524084789     
  0.24790112994408883     
   1.7231502165777960E-002
 -0.22656540983885734     
   1.7231502165758101E-002
  0.24790112994407595     
 -0.17492917524081858     
  -7.2368986987031442E-003
  -5.1649669460227268E-002
  0.23073770246869432     
  -3.9954711627259686E-002
 -0.20479731921809535     
  -3.9954711627224818E-002
  0.23073770246867639     
  -5.1649669460238135E-002
 -0.15771243904494067     
  -6.0326177272248080E-002
  0.30119712722661196     
  -6.0326177272226077E-002
 -0.15771243904494425     
  -7.8301016300814999E-002
  0.14493203140180996     
  -7.8301016300835552E-002
 
