 #E =    2.0806805494651992     
  0.13806574426164236     
  -6.1633182220071969E-002
  -9.8267808146949836E-003
   4.7768095991898123E-002
  -8.9563367400634281E-002
   4.1996448951349430E-015
   8.9563367400625052E-002
  -4.7768095991893841E-002
   9.8267808146946627E-003
   6.1633182220070235E-002
 -0.13806574426163923     
  0.19419127195605568     
 -0.22563752641256410     
  0.13722259621836391     
   3.4311477933167744E-002
 -0.19878704016261564     
  0.13858466050320292     
  -1.3039298501386329E-015
 -0.13858466050319659     
  0.19878704016261464     
  -3.4311477933169139E-002
 -0.13722259621836033     
  0.22563752641255844     
 -0.19419127195605199     
 -0.17841247602230845     
  0.17702809668548694     
  -9.4190338419270436E-002
 -0.11827068780733070     
  0.24071618951574170     
 -0.18379576549683607     
  -3.4594281071651690E-015
  0.18379576549684423     
 -0.24071618951574478     
  0.11827068780732922     
   9.4190338419268591E-002
 -0.17702809668548614     
  0.17841247602230567     
  -9.5736103040757345E-002
   2.2168150793012840E-002
   9.9557668596112009E-002
 -0.11104516758371366     
  0.14170408482759550     
   4.3734924530023134E-015
 -0.14170408482760258     
  0.11104516758371076     
  -9.9557668596105348E-002
  -2.2168150793021459E-002
   9.5736103040760606E-002
  -4.9946405727987572E-002
   8.1754364120907599E-002
  -1.0212233120171521E-002
   5.0539198282550941E-002
  -2.0798851929131608E-015
  -5.0539198282550560E-002
   1.0212233120177314E-002
  -8.1754364120916995E-002
   4.9946405727995934E-002
 -0.10994607641210899     
  0.14700829855978242     
  -9.4943693731894999E-002
   1.5324986406394554E-015
   9.4943693731894097E-002
 -0.14700829855978423     
  0.10994607641211465     
 -0.10098753727930895     
   6.3114505995667550E-002
  -1.9035589320928013E-015
  -6.3114505995664899E-002
  0.10098753727930866     
  -3.0333587734980013E-002
   1.3287018804405176E-015
   3.0333587734977355E-002
 
