 #E =  -0.57602562305941019     
 -0.19792368820243589     
 -0.19020189431199530     
   8.8362523524288583E-002
  0.23919130353196913     
   4.9417796123106095E-002
   6.1974069528834272E-016
  -4.9417796123106018E-002
 -0.23919130353196866     
  -8.8362523524288583E-002
  0.19020189431199433     
  0.19792368820243497     
  0.15827416816670353     
   7.6192778496970370E-002
   8.3538512742077575E-002
   1.9096684482063306E-003
 -0.17080101830865138     
 -0.21072538672993452     
  -5.7619928427209064E-016
  0.21072538672993316     
  0.17080101830865099     
  -1.9096684482054630E-003
  -8.3538512742076909E-002
  -7.6192778496970245E-002
 -0.15827416816670309     
   1.4977197835464650E-002
 -0.14964691845184591     
  -2.9982123093465034E-002
   4.8837934574211365E-002
  0.11042995529130553     
  0.18557356753553725     
   7.5624643395525713E-016
 -0.18557356753553605     
 -0.11042995529130568     
  -4.8837934574211990E-002
   2.9982123093464298E-002
  0.14964691845184555     
  -1.4977197835464764E-002
  -7.1195534182144596E-002
  0.10863646651552866     
  -5.2315930505795881E-002
 -0.18760971755527350     
  -3.5348254282911162E-003
  -1.0732515055502740E-015
   3.5348254282902025E-003
  0.18760971755527406     
   5.2315930505796110E-002
 -0.10863646651552779     
   7.1195534182145165E-002
  0.18608885299952072     
  -1.4445190220691709E-003
  -5.2217248512689163E-002
  0.15897576346837264     
   2.1480273130635811E-016
 -0.15897576346837153     
   5.2217248512690120E-002
   1.4445190220679076E-003
 -0.18608885299952094     
 -0.13470368445654005     
  -7.6148254745407762E-002
  0.14379136171590370     
  -6.3787467807232223E-016
 -0.14379136171590412     
   7.6148254745407637E-002
  0.13470368445653855     
  -5.2951023143974291E-002
   4.5647108647266746E-002
  -1.6777390366652530E-016
  -4.5647108647266156E-002
   5.2951023143975401E-002
   7.9244927343376848E-002
  -4.2200187697424404E-016
  -7.9244927343377097E-002
 
