 #E =   -1.5046298978100685     
   9.9753894761438575E-002
  0.16458739759137511     
  0.14788922445729727     
  0.14954431919195837     
   7.7119629246575144E-002
  0.10250976583519648     
   7.7119629246570245E-002
  0.14954431919195901     
  0.14788922445730338     
  0.16458739759138402     
   9.9753894761445611E-002
  -4.6273790006979088E-003
  -1.4494705110315287E-002
 -0.11693568242966169     
  -9.1613168100940015E-002
 -0.16879745378540920     
 -0.13601758515473047     
 -0.11297830071290038     
 -0.13601758515473800     
 -0.16879745378541530     
  -9.1613168100940320E-002
 -0.11693568242966251     
  -1.4494705110314065E-002
  -4.6273790007021120E-003
   7.5322123173666225E-003
   1.5960570850060751E-002
  -6.9837050693237160E-002
  -4.1038028683206863E-003
  -2.6346942384069504E-002
  0.13325885942677992     
  0.10204464125306228     
  0.13325885942678037     
  -2.6346942384070794E-002
  -4.1038028683167685E-003
  -6.9837050693239394E-002
   1.5960570850054201E-002
   7.5322123173592360E-003
   8.6319590462987386E-002
  0.11391846572727093     
   9.0009288586912747E-002
   2.5616003829533392E-002
  0.12480756517260920     
   2.8914330775273066E-002
  0.12480756517261138     
   2.5616003829536216E-002
   9.0009288586921823E-002
  0.11391846572727753     
   8.6319590462987331E-002
  -4.9237496039966936E-003
 -0.12132688659077467     
 -0.17627424853518897     
 -0.16951662179880661     
 -0.20610976378557513     
 -0.16951662179881358     
 -0.17627424853519588     
 -0.12132688659078054     
  -4.9237496039961888E-003
  -1.3540628335051783E-003
  0.11928952316796949     
  0.12732423498651754     
  0.24180294930734619     
  0.12732423498651432     
  0.11928952316797160     
  -1.3540628335077084E-003
   5.3516410901021119E-002
  -3.8767131302804562E-002
  0.10917547693345375     
  -3.8767131302793703E-002
   5.3516410901029737E-002
 -0.22102207264500257     
 -0.29378928727481546     
 -0.22102207264499557     
 
