 #E =   0.92058432713307015     
 -0.13230170495310259     
  0.14648921801092146     
  -2.5539732417310390E-003
  -6.8857955656379290E-003
   8.8929287192994737E-003
  -1.9320182751735263E-002
   8.8929287192945645E-003
  -6.8857955656342904E-003
  -2.5539732417296924E-003
  0.14648921801091255     
 -0.13230170495309618     
   5.1853520677314552E-002
  -2.4694341978111562E-002
  0.10318140846970114     
 -0.13725227470702930     
   2.5724857730683504E-002
   1.8019287516074910E-002
  -5.1206060123386479E-002
   1.8019287516075309E-002
   2.5724857730687986E-002
 -0.13725227470702470     
  0.10318140846969151     
  -2.4694341978108714E-002
   5.1853520677316377E-002
  -2.3041196464095283E-002
  -3.0642156334074584E-002
   6.6959429196418577E-002
 -0.13418105320762566     
   9.5551086346358824E-002
   2.0493362945945677E-002
   1.1100921371672892E-002
   2.0493362945941822E-002
   9.5551086346349845E-002
 -0.13418105320761844     
   6.6959429196419451E-002
  -3.0642156334072492E-002
  -2.3041196464099294E-002
  -1.5709543861613232E-002
   4.5104116199485372E-002
  -3.8985540961629046E-002
  0.12496641500222021     
 -0.12551787645631923     
  -2.9909988107454013E-002
 -0.12551787645630691     
  0.12496641500221410     
  -3.8985540961626639E-002
   4.5104116199482978E-002
  -1.5709543861612042E-002
   1.3172942360807368E-002
  -5.7230920479071995E-002
   4.9461294348897733E-002
 -0.11326878690045841     
  0.27857041918908454     
 -0.11326878690044845     
   4.9461294348889122E-002
  -5.7230920479067852E-002
   1.3172942360805903E-002
  -9.9483482892724195E-003
   6.6389213995037458E-002
 -0.22375824356404486     
  0.25286790499730483     
 -0.22375824356404486     
   6.6389213995027660E-002
  -9.9483482892658154E-003
  0.17258972195880287     
 -0.22527260705456581     
  0.21473025695259654     
 -0.22527260705455732     
  0.17258972195880429     
 -0.17993754752455907     
  0.39092029316843724     
 -0.17993754752456911     
 
